1446236759.86
1446236759.86
1446236759.89
1446236759.89
1446236759.89
1446236759.89
1446236759.89
1446236759.89
1446236759.91
1446236759.91
1446236759.91
1446236759.91
1446236759.91
1446236759.91
1446236759.91
1446236759.91
1446236759.91
1446236759.91
1446236759.91
1446236759.94
1446236759.94
1446236759.94
1446236759.94
1446236759.94
1446236759.94
1446236759.94
1446236759.94
1446236759.94
1446236759.94
1446236759.94
1446236759.94
1446236759.94
1446236759.94
1446236759.94
1446236759.94
1446236759.94
1446236759.94
1446236759.96
1446236759.96
1446236759.96
1446236759.96
1446236759.96
1446236759.96
1446236759.96
1446236759.96
1446236759.96
1446236759.96
1446236759.96
1446236759.96
1446236759.96
1446236759.96
1446236759.96
1446236759.96
1446236759.96
1446236759.96
1446236759.96
1446236759.96
1446236759.96
1446236759.96
1446236759.96
1446236759.96
1446236759.96
1446236759.96
1446236759.96
1446236759.96
1446236759.96
1446236759.96
1446236759.96
1446236759.96
1446236759.96
1446236759.96
1446236759.96
1446236759.99
1446236759.99
1446236759.99
1446236759.99
1446236759.99
1446236759.99
1446236759.99
1446236759.99
1446236759.99
1446236759.99
1446236759.99
1446236759.99
1446236759.99
1446236759.99
1446236759.99
1446236759.99
1446236759.99
1446236759.99
1446236759.99
1446236759.99
1446236759.99
1446236759.99
1446236759.99
1446236759.99
1446236759.99
1446236759.99
1446236759.99
1446236759.99
1446236759.99
1446236759.99
1446236759.99
1446236759.99
1446236759.99
1446236759.99
1446236759.99
1446236759.99
1446236759.99
1446236759.99
1446236759.99
1446236759.99
1446236759.99
1446236759.99
1446236759.99
1446236759.99
1446236759.99
1446236759.99
1446236759.99
1446236760.01
1446236760.01
1446236760.01
1446236760.01
1446236760.01
1446236760.01
1446236760.01
1446236760.01
1446236760.01
1446236760.01
1446236760.01
1446236760.01
1446236760.01
1446236760.01
1446236760.01
1446236760.01
1446236760.01
1446236760.01
1446236760.01
1446236760.01
1446236760.01
1446236760.01
1446236760.01
1446236760.02
1446236760.02
1446236760.02
1446236760.02
1446236760.02
1446236760.02
1446236760.02
1446236760.02
1446236760.02
1446236760.02
1446236760.02
1446236760.02
1446236760.02
1446236760.02
1446236760.02
1446236760.02
1446236760.02
1446236760.02
1446236760.02
1446236760.02
1446236760.02
1446236760.02
1446236760.02
1446236760.02
1446236760.02
1446236760.02
1446236760.02
1446236760.02
1446236760.02
1446236760.02
1446236760.02
1446236760.02
1446236760.02
1446236760.02
1446236760.02
1446236760.02
1446236760.02
1446236760.02
1446236760.02
1446236760.02
1446236760.02
1446236760.04
1446236760.04
1446236760.04
1446236760.04
1446236760.04
1446236760.04
1446236760.04
1446236760.04
1446236760.04
1446236760.04
1446236760.04
1446236760.04
1446236760.04
1446236760.04
1446236760.04
1446236760.04
1446236760.04
1446236760.04
1446236760.04
1446236760.04
1446236760.04
1446236760.04
1446236760.04
1446236760.04
1446236760.04
1446236760.04
1446236760.04
1446236760.04
1446236760.04
1446236760.04
1446236760.04
1446236760.04
1446236760.04
1446236760.04
1446236760.04
1446236760.04
1446236760.04
1446236760.04
1446236760.04
1446236760.04
1446236760.04
1446236760.04
1446236760.04
1446236760.04
1446236760.04
1446236760.04
1446236760.04
1446236760.04
1446236760.04
1446236760.04
1446236760.04
1446236760.04
1446236760.04
1446236760.04
1446236760.04
1446236760.04
1446236760.04
1446236760.04
1446236760.04
1446236760.04
1446236760.04
1446236760.04
1446236760.04
1446236760.04
1446236760.04
1446236760.04
1446236760.04
1446236760.04
1446236760.04
1446236760.04
1446236760.04
1446236760.04
1446236760.04
1446236760.04
1446236760.04
1446236760.04
1446236760.04
1446236760.04
1446236760.05
1446236760.05
1446236760.05
1446236760.05
1446236760.05
1446236760.05
1446236760.05
1446236760.05
1446236760.05
1446236760.05
1446236760.05
1446236760.05
1446236760.05
1446236760.06
1446236760.06
1446236760.06
1446236760.07
1446236760.07
1446236760.07
1446236760.07
1446236760.07
1446236760.07
1446236760.07
1446236760.07
1446236760.07
1446236760.07
1446236760.07
1446236760.07
1446236760.07
1446236760.07
1446236760.07
1446236760.07
1446236760.07
1446236760.07
1446236760.07
1446236760.07
1446236760.07
Number of ACKs: 298
