1450064598310 cpu  1983710817 33698347 302207920 16981293 23058 1040201312 3456121288 0 0 0
1450064598310 cpu0 672084776 33427 67155285 8001130 19101 939525086 3187678730 0 0 0
1450064598310 cpu1 571630655 41113 67184782 2876015 1949 100663469 67110425 0 0 0
1450064598310 cpu2 537874859 33589936 134273010 2995060 1163 7481 33557714 0 0 0
1450064598310 cpu3 202120527 33871 33594843 3109088 845 5276 167774419 0 0 0
1450064598414 cpu  1983710844 33698348 302207923 16981298 23058 1040201312 3456121288 0 0 0
1450064598414 cpu0 672084782 33428 67155285 8001131 19101 939525086 3187678730 0 0 0
1450064598414 cpu1 571630663 41113 67184782 2876016 1949 100663469 67110425 0 0 0
1450064598414 cpu2 537874866 33589936 134273010 2995062 1163 7481 33557714 0 0 0
1450064598414 cpu3 202120533 33871 33594846 3109089 845 5276 167774419 0 0 0
1450064598476 cpu  1983710851 33698348 302207923 16981314 23058 1040201312 3456121288 0 0 0
1450064598476 cpu0 672084783 33428 67155285 8001136 19101 939525086 3187678730 0 0 0
1450064598476 cpu1 571630663 41113 67184782 2876021 1949 100663469 67110425 0 0 0
1450064598476 cpu2 537874870 33589936 134273010 2995064 1163 7481 33557714 0 0 0
1450064598476 cpu3 202120535 33871 33594846 3109093 845 5276 167774419 0 0 0
1450064598536 cpu  1983710857 33698348 302207924 16981330 23058 1040201312 3456121288 0 0 0
1450064598536 cpu0 672084784 33428 67155285 8001140 19101 939525086 3187678730 0 0 0
1450064598536 cpu1 571630667 41113 67184782 2876024 1949 100663469 67110425 0 0 0
1450064598536 cpu2 537874870 33589936 134273010 2995069 1163 7481 33557714 0 0 0
1450064598536 cpu3 202120536 33871 33594847 3109097 845 5276 167774419 0 0 0
1450064598597 cpu  1983710867 33698348 302207927 16981342 23058 1040201312 3456121288 0 0 0
1450064598597 cpu0 672084786 33428 67155285 8001144 19101 939525086 3187678730 0 0 0
1450064598597 cpu1 571630669 41113 67184783 2876027 1949 100663469 67110425 0 0 0
1450064598597 cpu2 537874873 33589936 134273012 2995071 1163 7481 33557714 0 0 0
1450064598597 cpu3 202120539 33871 33594847 3109100 845 5276 167774419 0 0 0
1450064598658 cpu  1983710878 33698348 302207930 16981349 23058 1040201312 3456121288 0 0 0
1450064598658 cpu0 672084787 33428 67155286 8001147 19101 939525086 3187678730 0 0 0
1450064598658 cpu1 571630672 41113 67184783 2876029 1949 100663469 67110425 0 0 0
1450064598658 cpu2 537874878 33589936 134273013 2995071 1163 7481 33557714 0 0 0
1450064598658 cpu3 202120541 33871 33594848 3109102 845 5276 167774419 0 0 0
1450064598719 cpu  1983710880 33698349 302207930 16981370 23058 1040201312 3456121288 0 0 0
1450064598719 cpu0 672084788 33429 67155286 8001151 19101 939525086 3187678730 0 0 0
1450064598719 cpu1 571630672 41113 67184783 2876035 1949 100663469 67110425 0 0 0
1450064598719 cpu2 537874879 33589936 134273013 2995076 1163 7481 33557714 0 0 0
1450064598719 cpu3 202120541 33871 33594848 3109108 845 5276 167774419 0 0 0
1450064598781 cpu  1983710885 33698349 302207932 16981384 23058 1040201312 3456121289 0 0 0
1450064598781 cpu0 672084789 33429 67155286 8001154 19101 939525086 3187678731 0 0 0
1450064598781 cpu1 571630674 41113 67184785 2876037 1949 100663469 67110425 0 0 0
1450064598781 cpu2 537874880 33589936 134273013 2995080 1163 7481 33557714 0 0 0
1450064598781 cpu3 202120542 33871 33594848 3109113 845 5276 167774419 0 0 0
1450064598842 cpu  1983710889 33698349 302207934 16981400 23058 1040201313 3456121290 0 0 0
1450064598842 cpu0 672084790 33429 67155286 8001157 19101 939525086 3187678732 0 0 0
1450064598842 cpu1 571630674 41113 67184786 2876042 1949 100663469 67110425 0 0 0
1450064598842 cpu2 537874882 33589936 134273014 2995083 1163 7481 33557714 0 0 0
1450064598842 cpu3 202120543 33871 33594848 3109118 845 5277 167774419 0 0 0
1450064598903 cpu  1983710896 33698349 302207936 16981413 23058 1040201313 3456121290 0 0 0
1450064598903 cpu0 672084792 33429 67155286 8001161 19101 939525086 3187678732 0 0 0
1450064598903 cpu1 571630677 41113 67184786 2876045 1949 100663469 67110425 0 0 0
1450064598903 cpu2 537874884 33589936 134273016 2995084 1163 7481 33557714 0 0 0
1450064598903 cpu3 202120543 33871 33594848 3109123 845 5277 167774419 0 0 0
1450064598966 cpu  1983710908 33698349 302207938 16981424 23059 1040201313 3456121290 0 0 0
1450064598966 cpu0 672084795 33429 67155286 8001163 19102 939525086 3187678732 0 0 0
1450064598966 cpu1 571630679 41113 67184786 2876049 1949 100663469 67110425 0 0 0
1450064598966 cpu2 537874890 33589936 134273017 2995084 1163 7481 33557714 0 0 0
1450064598966 cpu3 202120544 33871 33594849 3109128 845 5277 167774419 0 0 0
1450064599029 cpu  1983710916 33698349 302207938 16981438 23059 1040201313 3456121290 0 0 0
1450064599029 cpu0 672084795 33429 67155286 8001168 19102 939525086 3187678732 0 0 0
1450064599029 cpu1 571630680 41113 67184786 2876053 1949 100663469 67110425 0 0 0
1450064599029 cpu2 537874895 33589936 134273017 2995085 1163 7481 33557714 0 0 0
1450064599029 cpu3 202120546 33871 33594849 3109132 845 5277 167774419 0 0 0
1450064599092 cpu  1983710923 33698349 302207938 16981457 23059 1040201313 3456121290 0 0 0
1450064599092 cpu0 672084796 33429 67155286 8001174 19102 939525086 3187678732 0 0 0
1450064599092 cpu1 571630680 41113 67184786 2876060 1949 100663469 67110425 0 0 0
1450064599092 cpu2 537874901 33589936 134273017 2995085 1163 7481 33557714 0 0 0
1450064599092 cpu3 202120546 33871 33594849 3109138 845 5277 167774419 0 0 0
1450064599155 cpu  1983710930 33698349 302207938 16981474 23059 1040201313 3456121290 0 0 0
1450064599155 cpu0 672084796 33429 67155286 8001179 19102 939525086 3187678732 0 0 0
1450064599155 cpu1 571630681 41113 67184786 2876066 1949 100663469 67110425 0 0 0
1450064599155 cpu2 537874907 33589936 134273017 2995085 1163 7481 33557714 0 0 0
1450064599155 cpu3 202120546 33871 33594849 3109144 845 5277 167774419 0 0 0
1450064599219 cpu  1983710938 33698349 302207938 16981490 23059 1040201313 3456121290 0 0 0
1450064599219 cpu0 672084797 33429 67155286 8001184 19102 939525086 3187678732 0 0 0
1450064599219 cpu1 571630681 41113 67184786 2876071 1949 100663469 67110425 0 0 0
1450064599219 cpu2 537874914 33589936 134273017 2995085 1163 7481 33557714 0 0 0
1450064599219 cpu3 202120546 33871 33594849 3109150 845 5277 167774419 0 0 0
1450064599282 cpu  1983710956 33698349 302207939 16981496 23059 1040201313 3456121290 0 0 0
1450064599282 cpu0 672084800 33429 67155286 8001187 19102 939525086 3187678732 0 0 0
1450064599282 cpu1 571630685 41113 67184786 2876073 1949 100663469 67110425 0 0 0
1450064599282 cpu2 537874920 33589936 134273017 2995085 1163 7481 33557714 0 0 0
1450064599282 cpu3 202120551 33871 33594850 3109151 845 5277 167774419 0 0 0
1450064599343 cpu  1983710964 33698349 302207939 16981513 23059 1040201313 3456121290 0 0 0
1450064599343 cpu0 672084800 33429 67155286 8001193 19102 939525086 3187678732 0 0 0
1450064599343 cpu1 571630687 41113 67184786 2876078 1949 100663469 67110425 0 0 0
1450064599343 cpu2 537874926 33589936 134273017 2995085 1163 7481 33557714 0 0 0
1450064599343 cpu3 202120551 33871 33594850 3109157 845 5277 167774419 0 0 0
1450064599406 cpu  1983710969 33698349 302207940 16981529 23059 1040201313 3456121290 0 0 0
1450064599406 cpu0 672084800 33429 67155286 8001198 19102 939525086 3187678732 0 0 0
1450064599406 cpu1 571630687 41113 67184786 2876083 1949 100663469 67110425 0 0 0
1450064599406 cpu2 537874931 33589936 134273018 2995085 1163 7481 33557714 0 0 0
1450064599406 cpu3 202120551 33871 33594850 3109163 845 5277 167774419 0 0 0
1450064599469 cpu  1983710975 33698349 302207942 16981547 23059 1040201314 3456121290 0 0 0
1450064599469 cpu0 672084801 33429 67155286 8001204 19102 939525086 3187678732 0 0 0
1450064599469 cpu1 571630687 41113 67184786 2876089 1949 100663469 67110425 0 0 0
1450064599469 cpu2 537874936 33589936 134273020 2995085 1163 7482 33557714 0 0 0
1450064599469 cpu3 202120551 33871 33594850 3109169 845 5277 167774419 0 0 0
1450064599532 cpu  1983710981 33698350 302207945 16981560 23059 1040201314 3456121290 0 0 0
1450064599532 cpu0 672084802 33429 67155287 8001207 19102 939525086 3187678732 0 0 0
1450064599532 cpu1 571630688 41114 67184786 2876094 1949 100663469 67110425 0 0 0
1450064599532 cpu2 537874939 33589936 134273022 2995085 1163 7482 33557714 0 0 0
1450064599532 cpu3 202120552 33871 33594850 3109174 845 5277 167774419 0 0 0
1450064599595 cpu  1983710994 33698350 302207947 16981567 23059 1040201314 3456121290 0 0 0
1450064599595 cpu0 672084805 33429 67155287 8001209 19102 939525086 3187678732 0 0 0
1450064599595 cpu1 571630691 41114 67184788 2876095 1949 100663469 67110425 0 0 0
1450064599595 cpu2 537874944 33589936 134273022 2995086 1163 7482 33557714 0 0 0
1450064599595 cpu3 202120554 33871 33594850 3109177 845 5277 167774419 0 0 0
1450064599656 cpu  1983711002 33698350 302207948 16981583 23059 1040201314 3456121290 0 0 0
1450064599656 cpu0 672084807 33429 67155287 8001213 19102 939525086 3187678732 0 0 0
1450064599656 cpu1 571630694 41114 67184788 2876098 1949 100663469 67110425 0 0 0
1450064599656 cpu2 537874945 33589936 134273022 2995090 1163 7482 33557714 0 0 0
1450064599656 cpu3 202120556 33871 33594851 3109182 845 5277 167774419 0 0 0
1450064599717 cpu  1983711010 33698350 302207949 16981594 23059 1040201314 3456121290 0 0 0
1450064599717 cpu0 672084810 33429 67155288 8001214 19102 939525086 3187678732 0 0 0
1450064599717 cpu1 571630695 41114 67184788 2876101 1949 100663469 67110425 0 0 0
1450064599717 cpu2 537874948 33589936 134273022 2995093 1163 7482 33557714 0 0 0
1450064599717 cpu3 202120557 33871 33594851 3109186 845 5277 167774419 0 0 0
1450064599798 cpu  1983711030 33698355 302207950 16981597 23059 1040201314 3456121290 0 0 0
1450064599798 cpu0 672084813 33431 67155288 8001215 19102 939525086 3187678732 0 0 0
1450064599798 cpu1 571630700 41116 67184788 2876102 1949 100663469 67110425 0 0 0
1450064599798 cpu2 537874953 33589937 134273023 2995094 1163 7482 33557714 0 0 0
1450064599798 cpu3 202120564 33871 33594851 3109186 845 5277 167774419 0 0 0
1450064599859 cpu  1983711038 33698361 302207951 16981605 23059 1040201314 3456121290 0 0 0
1450064599859 cpu0 672084815 33432 67155288 8001218 19102 939525086 3187678732 0 0 0
1450064599859 cpu1 571630701 41120 67184788 2876103 1949 100663469 67110425 0 0 0
1450064599859 cpu2 537874957 33589937 134273024 2995094 1163 7482 33557714 0 0 0
1450064599859 cpu3 202120565 33872 33594851 3109190 845 5277 167774419 0 0 0
1450064599920 cpu  1983711050 33698363 302207952 16981611 23060 1040201314 3456121290 0 0 0
1450064599920 cpu0 672084817 33432 67155288 8001220 19103 939525086 3187678732 0 0 0
1450064599920 cpu1 571630703 41121 67184789 2876104 1949 100663469 67110425 0 0 0
1450064599920 cpu2 537874961 33589938 134273024 2995095 1163 7482 33557714 0 0 0
1450064599920 cpu3 202120569 33872 33594851 3109192 845 5277 167774419 0 0 0
1450064599980 cpu  1983711060 33698365 302207954 16981617 23060 1040201314 3456121290 0 0 0
1450064599980 cpu0 672084818 33433 67155289 8001222 19103 939525086 3187678732 0 0 0
1450064599980 cpu1 571630705 41121 67184790 2876106 1949 100663469 67110425 0 0 0
1450064599980 cpu2 537874964 33589938 134273024 2995096 1163 7482 33557714 0 0 0
1450064599980 cpu3 202120573 33873 33594851 3109193 845 5277 167774419 0 0 0
1450064600041 cpu  1983711072 33698367 302207956 16981622 23060 1040201314 3456121290 0 0 0
1450064600041 cpu0 672084820 33433 67155289 8001224 19103 939525086 3187678732 0 0 0
1450064600041 cpu1 571630708 41121 67184790 2876109 1949 100663469 67110425 0 0 0
1450064600041 cpu2 537874967 33589939 134273026 2995096 1163 7482 33557714 0 0 0
1450064600041 cpu3 202120577 33874 33594851 3109193 845 5277 167774419 0 0 0
1450064600102 cpu  1983711081 33698368 302207957 16981635 23060 1040201314 3456121290 0 0 0
1450064600102 cpu0 672084824 33433 67155289 8001226 19103 939525086 3187678732 0 0 0
1450064600102 cpu1 571630710 41121 67184791 2876112 1949 100663469 67110425 0 0 0
1450064600102 cpu2 537874969 33589940 134273026 2995099 1163 7482 33557714 0 0 0
1450064600102 cpu3 202120578 33874 33594851 3109198 845 5277 167774419 0 0 0
1450064600163 cpu  1983711093 33698368 302207958 16981641 23060 1040201314 3456121290 0 0 0
1450064600163 cpu0 672084828 33433 67155289 8001227 19103 939525086 3187678732 0 0 0
1450064600163 cpu1 571630713 41121 67184791 2876114 1949 100663469 67110425 0 0 0
1450064600163 cpu2 537874972 33589940 134273027 2995100 1163 7482 33557714 0 0 0
1450064600163 cpu3 202120580 33874 33594851 3109200 845 5277 167774419 0 0 0
1450064600224 cpu  1983711109 33698368 302207959 16981645 23060 1040201314 3456121290 0 0 0
1450064600224 cpu0 672084831 33433 67155289 8001228 19103 939525086 3187678732 0 0 0
1450064600224 cpu1 571630717 41121 67184791 2876115 1949 100663469 67110425 0 0 0
1450064600224 cpu2 537874977 33589940 134273028 2995100 1163 7482 33557714 0 0 0
1450064600224 cpu3 202120584 33874 33594851 3109202 845 5277 167774419 0 0 0
1450064600285 cpu  1983711123 33698369 302207961 16981650 23060 1040201314 3456121290 0 0 0
1450064600285 cpu0 672084834 33434 67155290 8001229 19103 939525086 3187678732 0 0 0
1450064600285 cpu1 571630721 41121 67184791 2876116 1949 100663469 67110425 0 0 0
1450064600285 cpu2 537874981 33589940 134273028 2995101 1163 7482 33557714 0 0 0
1450064600285 cpu3 202120587 33874 33594852 3109204 845 5277 167774419 0 0 0
1450064600346 cpu  1983711140 33698369 302207962 16981655 23060 1040201314 3456121290 0 0 0
1450064600346 cpu0 672084838 33434 67155290 8001230 19103 939525086 3187678732 0 0 0
1450064600346 cpu1 571630725 41121 67184792 2876117 1949 100663469 67110425 0 0 0
1450064600346 cpu2 537874986 33589940 134273028 2995102 1163 7482 33557714 0 0 0
1450064600346 cpu3 202120591 33874 33594852 3109206 845 5277 167774419 0 0 0
1450064600407 cpu  1983711154 33698369 302207963 16981659 23060 1040201314 3456121290 0 0 0
1450064600407 cpu0 672084841 33434 67155290 8001231 19103 939525086 3187678732 0 0 0
1450064600407 cpu1 571630727 41121 67184792 2876120 1949 100663469 67110425 0 0 0
1450064600407 cpu2 537874990 33589940 134273029 2995102 1163 7482 33557714 0 0 0
1450064600407 cpu3 202120596 33874 33594852 3109206 845 5277 167774419 0 0 0
1450064600468 cpu  1983711170 33698369 302207963 16981663 23060 1040201314 3456121290 0 0 0
1450064600468 cpu0 672084845 33434 67155290 8001232 19103 939525086 3187678732 0 0 0
1450064600468 cpu1 571630732 41121 67184792 2876120 1949 100663469 67110425 0 0 0
1450064600468 cpu2 537874994 33589940 134273029 2995103 1163 7482 33557714 0 0 0
1450064600468 cpu3 202120599 33874 33594852 3109208 845 5277 167774419 0 0 0
1450064600528 cpu  1983711180 33698369 302207966 16981672 23060 1040201314 3456121290 0 0 0
1450064600528 cpu0 672084847 33434 67155290 8001235 19103 939525086 3187678732 0 0 0
1450064600528 cpu1 571630734 41121 67184794 2876122 1949 100663469 67110425 0 0 0
1450064600528 cpu2 537874997 33589940 134273030 2995104 1163 7482 33557714 0 0 0
1450064600528 cpu3 202120602 33874 33594852 3109211 845 5277 167774419 0 0 0
1450064600589 cpu  1983711196 33698369 302207966 16981678 23060 1040201314 3456121290 0 0 0
1450064600589 cpu0 672084851 33434 67155290 8001236 19103 939525086 3187678732 0 0 0
1450064600589 cpu1 571630738 41121 67184794 2876123 1949 100663469 67110425 0 0 0
1450064600589 cpu2 537875002 33589940 134273030 2995105 1163 7482 33557714 0 0 0
1450064600589 cpu3 202120605 33874 33594852 3109214 845 5277 167774419 0 0 0
1450064600655 cpu  1983711212 33698370 302207967 16981681 23060 1040201314 3456121290 0 0 0
1450064600655 cpu0 672084855 33434 67155290 8001237 19103 939525086 3187678732 0 0 0
1450064600655 cpu1 571630742 41121 67184795 2876124 1949 100663469 67110425 0 0 0
1450064600655 cpu2 537875006 33589941 134273030 2995105 1163 7482 33557714 0 0 0
1450064600655 cpu3 202120609 33874 33594852 3109215 845 5277 167774419 0 0 0
1450064600724 cpu  1983711221 33698370 302207969 16981699 23060 1040201314 3456121290 0 0 0
1450064600724 cpu0 672084859 33434 67155290 8001240 19103 939525086 3187678732 0 0 0
1450064600724 cpu1 571630742 41121 67184795 2876130 1949 100663469 67110425 0 0 0
1450064600724 cpu2 537875010 33589941 134273032 2995108 1163 7482 33557714 0 0 0
1450064600724 cpu3 202120610 33874 33594852 3109221 845 5277 167774419 0 0 0
1450064600826 cpu  1983711243 33698370 302207972 16981709 23060 1040201314 3456121290 0 0 0
1450064600826 cpu0 672084865 33434 67155291 8001242 19103 939525086 3187678732 0 0 0
1450064600826 cpu1 571630748 41121 67184796 2876133 1949 100663469 67110425 0 0 0
1450064600826 cpu2 537875016 33589941 134273032 2995110 1163 7482 33557714 0 0 0
1450064600826 cpu3 202120614 33874 33594853 3109224 845 5277 167774419 0 0 0
1450064600919 cpu  1983711260 33698370 302207973 16981728 23060 1040201314 3456121291 0 0 0
1450064600919 cpu0 672084867 33434 67155291 8001248 19103 939525086 3187678732 0 0 0
1450064600919 cpu1 571630753 41121 67184796 2876137 1949 100663469 67110426 0 0 0
1450064600919 cpu2 537875023 33589941 134273032 2995113 1163 7482 33557714 0 0 0
1450064600919 cpu3 202120617 33874 33594854 3109230 845 5277 167774419 0 0 0
1450064601020 cpu  1983711264 33698370 302207974 16981763 23060 1040201314 3456121291 0 0 0
1450064601020 cpu0 672084868 33434 67155291 8001256 19103 939525086 3187678732 0 0 0
1450064601020 cpu1 571630753 41121 67184796 2876147 1949 100663469 67110426 0 0 0
1450064601020 cpu2 537875025 33589941 134273033 2995120 1163 7482 33557714 0 0 0
1450064601020 cpu3 202120618 33874 33594854 3109240 845 5277 167774419 0 0 0
1450064601124 cpu  1983711266 33698370 302207974 16981801 23060 1040201314 3456121291 0 0 0
1450064601124 cpu0 672084869 33434 67155291 8001265 19103 939525086 3187678732 0 0 0
1450064601124 cpu1 571630754 41121 67184796 2876156 1949 100663469 67110426 0 0 0
1450064601124 cpu2 537875025 33589941 134273033 2995130 1163 7482 33557714 0 0 0
1450064601124 cpu3 202120618 33874 33594854 3109250 845 5277 167774419 0 0 0
1450064601227 cpu  1983711266 33698370 302207974 16981840 23060 1040201314 3456121291 0 0 0
1450064601227 cpu0 672084869 33434 67155291 8001274 19103 939525086 3187678732 0 0 0
1450064601227 cpu1 571630754 41121 67184796 2876166 1949 100663469 67110426 0 0 0
1450064601227 cpu2 537875025 33589941 134273033 2995140 1163 7482 33557714 0 0 0
1450064601227 cpu3 202120618 33874 33594854 3109260 845 5277 167774419 0 0 0
1450064601330 cpu  1983711267 33698370 302207974 16981880 23060 1040201314 3456121291 0 0 0
1450064601330 cpu0 672084870 33434 67155291 8001284 19103 939525086 3187678732 0 0 0
1450064601330 cpu1 571630754 41121 67184796 2876176 1949 100663469 67110426 0 0 0
1450064601330 cpu2 537875025 33589941 134273033 2995150 1163 7482 33557714 0 0 0
1450064601330 cpu3 202120618 33874 33594854 3109270 845 5277 167774419 0 0 0
1450064601428 cpu  1983711268 33698370 302207975 16981918 23060 1040201314 3456121291 0 0 0
1450064601428 cpu0 672084871 33434 67155292 8001292 19103 939525086 3187678732 0 0 0
1450064601428 cpu1 571630754 41121 67184796 2876186 1949 100663469 67110426 0 0 0
1450064601428 cpu2 537875025 33589941 134273033 2995160 1163 7482 33557714 0 0 0
1450064601428 cpu3 202120618 33874 33594854 3109280 845 5277 167774419 0 0 0
1450064601528 cpu  1983711277 33698370 302207976 16981947 23060 1040201314 3456121291 0 0 0
1450064601528 cpu0 672084872 33434 67155292 8001301 19103 939525086 3187678732 0 0 0
1450064601528 cpu1 571630759 41121 67184797 2876190 1949 100663469 67110426 0 0 0
1450064601528 cpu2 537875028 33589941 134273033 2995166 1163 7482 33557714 0 0 0
1450064601528 cpu3 202120618 33874 33594854 3109290 845 5277 167774419 0 0 0
1450064601599 cpu  1983711281 33698370 302207977 16981970 23060 1040201314 3456121291 0 0 0
1450064601599 cpu0 672084872 33434 67155292 8001307 19103 939525086 3187678732 0 0 0
1450064601599 cpu1 571630762 41121 67184797 2876195 1949 100663469 67110426 0 0 0
1450064601599 cpu2 537875029 33589941 134273034 2995171 1163 7482 33557714 0 0 0
1450064601599 cpu3 202120618 33874 33594854 3109297 845 5277 167774419 0 0 0
1450064601698 cpu  1983711297 33698374 302207977 16981986 23061 1040201314 3456121291 0 0 0
1450064601698 cpu0 672084876 33435 67155292 8001310 19104 939525086 3187678732 0 0 0
1450064601698 cpu1 571630766 41122 67184797 2876199 1949 100663469 67110426 0 0 0
1450064601698 cpu2 537875032 33589942 134273034 2995176 1163 7482 33557714 0 0 0
1450064601698 cpu3 202120623 33875 33594854 3109301 845 5277 167774419 0 0 0
1450064601798 cpu  1983711306 33698374 302207977 16982015 23061 1040201314 3456121291 0 0 0
1450064601798 cpu0 672084878 33435 67155292 8001317 19104 939525086 3187678732 0 0 0
1450064601798 cpu1 571630768 41122 67184797 2876206 1949 100663469 67110426 0 0 0
1450064601798 cpu2 537875035 33589942 134273034 2995183 1163 7482 33557714 0 0 0
1450064601798 cpu3 202120625 33875 33594854 3109309 845 5277 167774419 0 0 0
1450064601900 cpu  1983711308 33698374 302207977 16982051 23061 1040201314 3456121291 0 0 0
1450064601900 cpu0 672084879 33435 67155292 8001325 19104 939525086 3187678732 0 0 0
1450064601900 cpu1 571630769 41122 67184797 2876215 1949 100663469 67110426 0 0 0
1450064601900 cpu2 537875035 33589942 134273034 2995193 1163 7482 33557714 0 0 0
1450064601900 cpu3 202120625 33875 33594854 3109318 845 5277 167774419 0 0 0
1450064601998 cpu  1983711309 33698374 302207977 16982089 23061 1040201314 3456121291 0 0 0
1450064601998 cpu0 672084880 33435 67155292 8001334 19104 939525086 3187678732 0 0 0
1450064601998 cpu1 571630769 41122 67184797 2876225 1949 100663469 67110426 0 0 0
1450064601998 cpu2 537875035 33589942 134273034 2995202 1163 7482 33557714 0 0 0
1450064601998 cpu3 202120625 33875 33594854 3109328 845 5277 167774419 0 0 0
1450064602101 cpu  1983711322 33698374 302207977 16982113 23061 1040201314 3456121291 0 0 0
1450064602101 cpu0 672084882 33435 67155292 8001340 19104 939525086 3187678732 0 0 0
1450064602101 cpu1 571630773 41122 67184797 2876231 1949 100663469 67110426 0 0 0
1450064602101 cpu2 537875039 33589942 134273034 2995208 1163 7482 33557714 0 0 0
1450064602101 cpu3 202120628 33875 33594854 3109334 845 5277 167774419 0 0 0
1450064602202 cpu  1983711335 33698374 302207978 16982137 23061 1040201314 3456121292 0 0 0
1450064602202 cpu0 672084885 33435 67155292 8001346 19104 939525086 3187678732 0 0 0
1450064602202 cpu1 571630776 41122 67184798 2876236 1949 100663469 67110426 0 0 0
1450064602202 cpu2 537875043 33589942 134273034 2995214 1163 7482 33557715 0 0 0
1450064602202 cpu3 202120631 33875 33594854 3109341 845 5277 167774419 0 0 0
1450064602295 cpu  1983711345 33698374 302207978 16982164 23061 1040201314 3456121292 0 0 0
1450064602295 cpu0 672084890 33435 67155292 8001350 19104 939525086 3187678732 0 0 0
1450064602295 cpu1 571630778 41122 67184798 2876243 1949 100663469 67110426 0 0 0
1450064602295 cpu2 537875045 33589942 134273034 2995221 1163 7482 33557715 0 0 0
1450064602295 cpu3 202120632 33875 33594854 3109350 845 5277 167774419 0 0 0
1450064602395 cpu  1983711352 33698374 302207979 16982194 23061 1040201314 3456121292 0 0 0
1450064602395 cpu0 672084893 33435 67155293 8001356 19104 939525086 3187678732 0 0 0
1450064602395 cpu1 571630781 41122 67184798 2876250 1949 100663469 67110426 0 0 0
1450064602395 cpu2 537875046 33589942 134273034 2995229 1163 7482 33557715 0 0 0
1450064602395 cpu3 202120632 33875 33594854 3109359 845 5277 167774419 0 0 0
1450064602479 cpu  1983711359 33698374 302207979 16982219 23061 1040201314 3456121292 0 0 0
1450064602479 cpu0 672084895 33435 67155293 8001361 19104 939525086 3187678732 0 0 0
1450064602479 cpu1 571630782 41122 67184798 2876257 1949 100663469 67110426 0 0 0
1450064602479 cpu2 537875049 33589942 134273034 2995234 1163 7482 33557715 0 0 0
1450064602479 cpu3 202120633 33875 33594854 3109367 845 5277 167774419 0 0 0
1450064602580 cpu  1983711367 33698374 302207980 16982249 23061 1040201314 3456121292 0 0 0
1450064602580 cpu0 672084898 33435 67155293 8001368 19104 939525086 3187678732 0 0 0
1450064602580 cpu1 571630785 41122 67184798 2876263 1949 100663469 67110426 0 0 0
1450064602580 cpu2 537875051 33589942 134273035 2995242 1163 7482 33557715 0 0 0
1450064602580 cpu3 202120633 33875 33594854 3109376 845 5277 167774419 0 0 0
1450064602683 cpu  1983711378 33698374 302207982 16982277 23061 1040201314 3456121292 0 0 0
1450064602683 cpu0 672084900 33435 67155293 8001375 19104 939525086 3187678732 0 0 0
1450064602683 cpu1 571630788 41122 67184800 2876269 1949 100663469 67110426 0 0 0
1450064602683 cpu2 537875054 33589942 134273035 2995249 1163 7482 33557715 0 0 0
1450064602683 cpu3 202120636 33875 33594854 3109384 845 5277 167774419 0 0 0
1450064602784 cpu  1983711388 33698374 302207983 16982304 23061 1040201314 3456121292 0 0 0
1450064602784 cpu0 672084902 33435 67155293 8001382 19104 939525086 3187678732 0 0 0
1450064602784 cpu1 571630793 41122 67184800 2876274 1949 100663469 67110426 0 0 0
1450064602784 cpu2 537875056 33589942 134273036 2995256 1163 7482 33557715 0 0 0
1450064602784 cpu3 202120637 33875 33594854 3109392 845 5277 167774419 0 0 0
1450064602888 cpu  1983711398 33698374 302207984 16982333 23061 1040201314 3456121292 0 0 0
1450064602888 cpu0 672084903 33435 67155293 8001390 19104 939525086 3187678732 0 0 0
1450064602888 cpu1 571630797 41122 67184800 2876280 1949 100663469 67110426 0 0 0
1450064602888 cpu2 537875058 33589942 134273037 2995263 1163 7482 33557715 0 0 0
1450064602888 cpu3 202120640 33875 33594854 3109400 845 5277 167774419 0 0 0
1450064602988 cpu  1983711402 33698374 302207987 16982364 23061 1040201314 3456121292 0 0 0
1450064602988 cpu0 672084905 33435 67155293 8001398 19104 939525086 3187678732 0 0 0
1450064602988 cpu1 571630798 41122 67184800 2876289 1949 100663469 67110426 0 0 0
1450064602988 cpu2 537875059 33589942 134273040 2995268 1163 7482 33557715 0 0 0
1450064602988 cpu3 202120640 33875 33594854 3109409 845 5277 167774419 0 0 0
1450064603092 cpu  1983711406 33698374 302207987 16982396 23064 1040201314 3456121292 0 0 0
1450064603092 cpu0 672084906 33435 67155293 8001403 19106 939525086 3187678732 0 0 0
1450064603092 cpu1 571630798 41122 67184800 2876298 1949 100663469 67110426 0 0 0
1450064603092 cpu2 537875060 33589942 134273040 2995278 1163 7482 33557715 0 0 0
1450064603092 cpu3 202120642 33875 33594854 3109417 846 5277 167774419 0 0 0
1450064603193 cpu  1983711407 33698374 302207987 16982433 23065 1040201314 3456121292 0 0 0
1450064603193 cpu0 672084906 33435 67155293 8001410 19107 939525086 3187678732 0 0 0
1450064603193 cpu1 571630799 41122 67184800 2876308 1949 100663469 67110426 0 0 0
1450064603193 cpu2 537875060 33589942 134273040 2995288 1163 7482 33557715 0 0 0
1450064603193 cpu3 202120642 33875 33594854 3109427 846 5277 167774419 0 0 0
1450064603293 cpu  1983711413 33698374 302207988 16982464 23065 1040201314 3456121292 0 0 0
1450064603293 cpu0 672084909 33435 67155293 8001417 19107 939525086 3187678732 0 0 0
1450064603293 cpu1 571630801 41122 67184801 2876313 1949 100663469 67110426 0 0 0
1450064603293 cpu2 537875061 33589942 134273040 2995297 1163 7482 33557715 0 0 0
1450064603293 cpu3 202120642 33875 33594854 3109437 846 5277 167774419 0 0 0
1450064603388 cpu  1983711421 33698374 302207988 16982494 23065 1040201314 3456121292 0 0 0
1450064603388 cpu0 672084910 33435 67155293 8001425 19107 939525086 3187678732 0 0 0
1450064603388 cpu1 571630805 41122 67184801 2876319 1949 100663469 67110426 0 0 0
1450064603388 cpu2 537875062 33589942 134273040 2995305 1163 7482 33557715 0 0 0
1450064603388 cpu3 202120644 33875 33594854 3109445 846 5277 167774419 0 0 0
1450064603488 cpu  1983711435 33698374 302207988 16982515 23065 1040201314 3456121292 0 0 0
1450064603488 cpu0 672084912 33435 67155293 8001430 19107 939525086 3187678732 0 0 0
1450064603488 cpu1 571630809 41122 67184801 2876324 1949 100663469 67110426 0 0 0
1450064603488 cpu2 537875066 33589942 134273040 2995311 1163 7482 33557715 0 0 0
1450064603488 cpu3 202120648 33875 33594854 3109450 846 5277 167774419 0 0 0
1450064603570 cpu  1983711442 33698374 302207988 16982539 23065 1040201314 3456121292 0 0 0
1450064603570 cpu0 672084915 33435 67155293 8001435 19107 939525086 3187678732 0 0 0
1450064603570 cpu1 571630812 41122 67184801 2876329 1949 100663469 67110426 0 0 0
1450064603570 cpu2 537875066 33589942 134273040 2995318 1163 7482 33557715 0 0 0
1450064603570 cpu3 202120649 33875 33594854 3109457 846 5277 167774419 0 0 0
1450064603668 cpu  1983711463 33698374 302207993 16982548 23065 1040201314 3456121293 0 0 0
1450064603668 cpu0 672084919 33435 67155294 8001437 19107 939525086 3187678733 0 0 0
1450064603668 cpu1 571630817 41122 67184802 2876332 1949 100663469 67110426 0 0 0
1450064603668 cpu2 537875070 33589942 134273042 2995321 1163 7482 33557715 0 0 0
1450064603668 cpu3 202120657 33875 33594855 3109458 846 5277 167774419 0 0 0
1450064603771 cpu  1983711478 33698374 302207994 16982568 23066 1040201314 3456121293 0 0 0
1450064603771 cpu0 672084922 33435 67155294 8001442 19108 939525086 3187678733 0 0 0
1450064603771 cpu1 571630822 41122 67184802 2876337 1949 100663469 67110426 0 0 0
1450064603771 cpu2 537875073 33589942 134273043 2995327 1163 7482 33557715 0 0 0
1450064603771 cpu3 202120661 33875 33594855 3109462 846 5277 167774419 0 0 0
1450064603868 cpu  1983711496 33698374 302207994 16982583 23066 1040201314 3456121293 0 0 0
1450064603868 cpu0 672084924 33435 67155294 8001446 19108 939525086 3187678733 0 0 0
1450064603868 cpu1 571630829 41122 67184802 2876339 1949 100663469 67110426 0 0 0
1450064603868 cpu2 537875078 33589942 134273043 2995331 1163 7482 33557715 0 0 0
1450064603868 cpu3 202120665 33875 33594855 3109467 846 5277 167774419 0 0 0
1450064603957 cpu  1983711512 33698374 302207997 16982593 23066 1040201314 3456121293 0 0 0
1450064603957 cpu0 672084926 33435 67155295 8001449 19108 939525086 3187678733 0 0 0
1450064603957 cpu1 571630833 41122 67184803 2876341 1949 100663469 67110426 0 0 0
1450064603957 cpu2 537875084 33589942 134273043 2995333 1163 7482 33557715 0 0 0
1450064603957 cpu3 202120669 33875 33594856 3109470 846 5277 167774419 0 0 0
1450064604058 cpu  1983711530 33698374 302207998 16982608 23070 1040201314 3456121294 0 0 0
1450064604058 cpu0 672084927 33435 67155295 8001453 19112 939525086 3187678734 0 0 0
1450064604058 cpu1 571630842 41122 67184804 2876341 1949 100663469 67110426 0 0 0
1450064604058 cpu2 537875088 33589942 134273043 2995338 1163 7482 33557715 0 0 0
1450064604058 cpu3 202120673 33875 33594856 3109476 846 5277 167774419 0 0 0
1450064604158 cpu  1983711547 33698374 302207999 16982629 23070 1040201314 3456121294 0 0 0
1450064604158 cpu0 672084929 33435 67155296 8001459 19112 939525086 3187678734 0 0 0
1450064604158 cpu1 571630851 41122 67184804 2876342 1949 100663469 67110426 0 0 0
1450064604158 cpu2 537875091 33589942 134273043 2995345 1163 7482 33557715 0 0 0
1450064604158 cpu3 202120676 33875 33594856 3109483 846 5277 167774419 0 0 0
1450064604258 cpu  1983711560 33698374 302207999 16982652 23070 1040201314 3456121294 0 0 0
1450064604258 cpu0 672084931 33435 67155296 8001466 19112 939525086 3187678734 0 0 0
1450064604258 cpu1 571630860 41122 67184804 2876342 1949 100663469 67110426 0 0 0
1450064604258 cpu2 537875092 33589942 134273043 2995353 1163 7482 33557715 0 0 0
1450064604258 cpu3 202120677 33875 33594856 3109491 846 5277 167774419 0 0 0
1450064604360 cpu  1983711580 33698375 302208001 16982669 23070 1040201314 3456121294 0 0 0
1450064604360 cpu0 672084935 33435 67155296 8001471 19112 939525086 3187678734 0 0 0
1450064604360 cpu1 571630869 41122 67184804 2876342 1949 100663469 67110426 0 0 0
1450064604360 cpu2 537875096 33589943 134273044 2995358 1163 7482 33557715 0 0 0
1450064604360 cpu3 202120680 33875 33594857 3109498 846 5277 167774419 0 0 0
1450064604462 cpu  1983711597 33698375 302208002 16982690 23070 1040201314 3456121295 0 0 0
1450064604462 cpu0 672084937 33435 67155296 8001478 19112 939525086 3187678735 0 0 0
1450064604462 cpu1 571630877 41122 67184805 2876344 1949 100663469 67110426 0 0 0
1450064604462 cpu2 537875100 33589943 134273044 2995363 1163 7482 33557715 0 0 0
1450064604462 cpu3 202120683 33875 33594857 3109505 846 5277 167774419 0 0 0
1450064604558 cpu  1983711607 33698375 302208003 16982715 23070 1040201314 3456121295 0 0 0
1450064604558 cpu0 672084938 33435 67155296 8001486 19112 939525086 3187678735 0 0 0
1450064604558 cpu1 571630883 41122 67184805 2876347 1949 100663469 67110426 0 0 0
1450064604558 cpu2 537875102 33589943 134273045 2995369 1163 7482 33557715 0 0 0
1450064604558 cpu3 202120684 33875 33594857 3109513 846 5277 167774419 0 0 0
1450064604658 cpu  1983711623 33698375 302208004 16982734 23070 1040201315 3456121295 0 0 0
1450064604658 cpu0 672084941 33435 67155296 8001491 19112 939525086 3187678735 0 0 0
1450064604658 cpu1 571630889 41122 67184805 2876350 1949 100663469 67110426 0 0 0
1450064604658 cpu2 537875106 33589943 134273046 2995374 1163 7483 33557715 0 0 0
1450064604658 cpu3 202120687 33875 33594857 3109519 846 5277 167774419 0 0 0
1450064604759 cpu  1983711638 33698375 302208005 16982753 23070 1040201315 3456121295 0 0 0
1450064604759 cpu0 672084943 33435 67155296 8001497 19112 939525086 3187678735 0 0 0
1450064604759 cpu1 571630897 41122 67184806 2876350 1949 100663469 67110426 0 0 0
1450064604759 cpu2 537875108 33589943 134273046 2995380 1163 7483 33557715 0 0 0
1450064604759 cpu3 202120690 33875 33594857 3109526 846 5277 167774419 0 0 0
1450064604858 cpu  1983711648 33698375 302208006 16982780 23070 1040201315 3456121295 0 0 0
1450064604858 cpu0 672084943 33435 67155296 8001506 19112 939525086 3187678735 0 0 0
1450064604858 cpu1 571630906 41122 67184807 2876350 1949 100663469 67110426 0 0 0
1450064604858 cpu2 537875109 33589943 134273046 2995389 1163 7483 33557715 0 0 0
1450064604858 cpu3 202120690 33875 33594857 3109535 846 5277 167774419 0 0 0
1450064604958 cpu  1983711666 33698375 302208008 16982796 23070 1040201316 3456121295 0 0 0
1450064604958 cpu0 672084947 33435 67155296 8001510 19112 939525086 3187678735 0 0 0
1450064604958 cpu1 571630910 41122 67184807 2876354 1949 100663469 67110426 0 0 0
1450064604958 cpu2 537875114 33589943 134273048 2995392 1163 7483 33557715 0 0 0
1450064604958 cpu3 202120695 33875 33594857 3109540 846 5278 167774419 0 0 0
1450064605058 cpu  1983711679 33698375 302208009 16982820 23070 1040201316 3456121295 0 0 0
1450064605058 cpu0 672084948 33435 67155296 8001517 19112 939525086 3187678735 0 0 0
1450064605058 cpu1 571630919 41122 67184808 2876354 1949 100663469 67110426 0 0 0
1450064605058 cpu2 537875115 33589943 134273048 2995401 1163 7483 33557715 0 0 0
1450064605058 cpu3 202120697 33875 33594857 3109548 846 5278 167774419 0 0 0
1450064605158 cpu  1983711697 33698375 302208009 16982837 23070 1040201316 3456121295 0 0 0
1450064605158 cpu0 672084951 33435 67155296 8001522 19112 939525086 3187678735 0 0 0
1450064605158 cpu1 571630926 41122 67184808 2876356 1949 100663469 67110426 0 0 0
1450064605158 cpu2 537875119 33589943 134273048 2995406 1163 7483 33557715 0 0 0
1450064605158 cpu3 202120701 33875 33594857 3109553 846 5278 167774419 0 0 0
1450064605258 cpu  1983711716 33698376 302208010 16982853 23070 1040201316 3456121295 0 0 0
1450064605258 cpu0 672084954 33435 67155296 8001528 19112 939525086 3187678735 0 0 0
1450064605258 cpu1 571630935 41122 67184808 2876356 1949 100663469 67110426 0 0 0
1450064605258 cpu2 537875123 33589943 134273048 2995411 1163 7483 33557715 0 0 0
1450064605258 cpu3 202120704 33876 33594858 3109558 846 5278 167774419 0 0 0
1450064605358 cpu  1983711731 33698385 302208014 16982861 23070 1040201316 3456121297 0 0 0
1450064605358 cpu0 672084957 33435 67155296 8001533 19112 939525086 3187678737 0 0 0
1450064605358 cpu1 571630944 41123 67184809 2876356 1949 100663469 67110426 0 0 0
1450064605358 cpu2 537875124 33589947 134273051 2995412 1163 7483 33557715 0 0 0
1450064605358 cpu3 202120706 33880 33594858 3109560 846 5278 167774419 0 0 0
1450064605459 cpu  1983711747 33698385 302208015 16982880 23070 1040201316 3456121298 0 0 0
1450064605459 cpu0 672084959 33435 67155296 8001539 19112 939525086 3187678738 0 0 0
1450064605459 cpu1 571630950 41123 67184809 2876358 1949 100663469 67110426 0 0 0
1450064605459 cpu2 537875127 33589947 134273051 2995419 1163 7483 33557715 0 0 0
1450064605459 cpu3 202120711 33880 33594859 3109564 846 5278 167774419 0 0 0
1450064605559 cpu  1983711765 33698385 302208016 16982900 23070 1040201316 3456121298 0 0 0
1450064605559 cpu0 672084960 33435 67155297 8001546 19112 939525086 3187678738 0 0 0
1450064605559 cpu1 571630955 41123 67184809 2876363 1949 100663469 67110426 0 0 0
1450064605559 cpu2 537875131 33589947 134273051 2995425 1163 7483 33557715 0 0 0
1450064605559 cpu3 202120719 33880 33594859 3109566 846 5278 167774419 0 0 0
1450064605686 cpu  1983711785 33698385 302208016 16982925 23070 1040201316 3456121298 0 0 0
1450064605686 cpu0 672084962 33435 67155297 8001554 19112 939525086 3187678738 0 0 0
1450064605686 cpu1 571630962 41123 67184809 2876368 1949 100663469 67110426 0 0 0
1450064605686 cpu2 537875133 33589947 134273051 2995435 1163 7483 33557715 0 0 0
1450064605686 cpu3 202120728 33880 33594859 3109568 846 5278 167774419 0 0 0
1450064605785 cpu  1983711803 33698386 302208016 16982937 23070 1040201316 3456121298 0 0 0
1450064605785 cpu0 672084965 33435 67155297 8001558 19112 939525086 3187678738 0 0 0
1450064605785 cpu1 571630966 41123 67184809 2876372 1949 100663469 67110426 0 0 0
1450064605785 cpu2 537875137 33589948 134273051 2995438 1163 7483 33557715 0 0 0
1450064605785 cpu3 202120735 33880 33594859 3109569 846 5278 167774419 0 0 0
1450064605878 cpu  1983711817 33698395 302208017 16982948 23070 1040201316 3456121299 0 0 0
1450064605878 cpu0 672084967 33435 67155297 8001564 19112 939525086 3187678739 0 0 0
1450064605878 cpu1 571630969 41124 67184810 2876376 1949 100663469 67110426 0 0 0
1450064605878 cpu2 537875143 33589950 134273051 2995439 1163 7483 33557715 0 0 0
1450064605878 cpu3 202120738 33886 33594859 3109569 846 5278 167774419 0 0 0
1450064605954 cpu  1983711828 33698398 302208019 16982959 23070 1040201316 3456121299 0 0 0
1450064605954 cpu0 672084970 33436 67155297 8001567 19112 939525086 3187678739 0 0 0
1450064605954 cpu1 571630971 41124 67184810 2876381 1949 100663469 67110426 0 0 0
1450064605954 cpu2 537875145 33589951 134273052 2995441 1163 7483 33557715 0 0 0
1450064605954 cpu3 202120742 33887 33594860 3109570 846 5278 167774419 0 0 0
1450064606055 cpu  1983711835 33698405 302208020 16982978 23070 1040201316 3456121299 0 0 0
1450064606055 cpu0 672084971 33436 67155297 8001573 19112 939525086 3187678739 0 0 0
1450064606055 cpu1 571630973 41124 67184810 2876388 1949 100663469 67110426 0 0 0
1450064606055 cpu2 537875148 33589953 134273053 2995444 1163 7483 33557715 0 0 0
1450064606055 cpu3 202120743 33892 33594860 3109573 846 5278 167774419 0 0 0
1450064606139 cpu  1983711842 33698411 302208023 16982995 23070 1040201316 3456121299 0 0 0
1450064606139 cpu0 672084973 33436 67155297 8001578 19112 939525086 3187678739 0 0 0
1450064606139 cpu1 571630975 41124 67184811 2876394 1949 100663469 67110426 0 0 0
1450064606139 cpu2 537875149 33589958 134273055 2995445 1163 7483 33557715 0 0 0
1450064606139 cpu3 202120745 33893 33594860 3109578 846 5278 167774419 0 0 0
1450064606237 cpu  1983711852 33698419 302208024 16983012 23070 1040201316 3456121299 0 0 0
1450064606237 cpu0 672084977 33436 67155298 8001582 19112 939525086 3187678739 0 0 0
1450064606237 cpu1 571630978 41124 67184811 2876401 1949 100663469 67110426 0 0 0
1450064606237 cpu2 537875150 33589966 134273055 2995445 1163 7483 33557715 0 0 0
1450064606237 cpu3 202120747 33893 33594860 3109584 846 5278 167774419 0 0 0
1450064606338 cpu  1983711866 33698426 302208025 16983023 23070 1040201316 3456121300 0 0 0
1450064606338 cpu0 672084980 33436 67155298 8001585 19112 939525086 3187678740 0 0 0
1450064606338 cpu1 571630982 41124 67184811 2876405 1949 100663469 67110426 0 0 0
1450064606338 cpu2 537875152 33589972 134273056 2995445 1163 7483 33557715 0 0 0
1450064606338 cpu3 202120752 33894 33594860 3109588 846 5278 167774419 0 0 0
1450064606440 cpu  1983711876 33698434 302208028 16983038 23070 1040201316 3456121300 0 0 0
1450064606440 cpu0 672084982 33436 67155299 8001590 19112 939525086 3187678740 0 0 0
1450064606440 cpu1 571630986 41125 67184811 2876409 1949 100663469 67110426 0 0 0
1450064606440 cpu2 537875153 33589978 134273057 2995446 1163 7483 33557715 0 0 0
1450064606440 cpu3 202120755 33895 33594861 3109593 846 5278 167774419 0 0 0
1450064606525 cpu  1983711885 33698440 302208030 16983055 23070 1040201316 3456121300 0 0 0
1450064606525 cpu0 672084984 33436 67155299 8001596 19112 939525086 3187678740 0 0 0
1450064606525 cpu1 571630990 41128 67184811 2876411 1949 100663469 67110426 0 0 0
1450064606525 cpu2 537875155 33589981 134273058 2995449 1163 7483 33557715 0 0 0
1450064606525 cpu3 202120756 33895 33594862 3109599 846 5278 167774419 0 0 0
1450064606628 cpu  1983711894 33698448 302208030 16983075 23070 1040201316 3456121300 0 0 0
1450064606628 cpu0 672084987 33436 67155299 8001602 19112 939525086 3187678740 0 0 0
1450064606628 cpu1 571630991 41132 67184811 2876415 1949 100663469 67110426 0 0 0
1450064606628 cpu2 537875157 33589985 134273058 2995452 1163 7483 33557715 0 0 0
1450064606628 cpu3 202120759 33895 33594862 3109606 846 5278 167774419 0 0 0
1450064606728 cpu  1983711897 33698448 302208030 16983109 23070 1040201316 3456121300 0 0 0
1450064606728 cpu0 672084988 33436 67155299 8001610 19112 939525086 3187678740 0 0 0
1450064606728 cpu1 571630992 41132 67184811 2876423 1949 100663469 67110426 0 0 0
1450064606728 cpu2 537875158 33589985 134273058 2995461 1163 7483 33557715 0 0 0
1450064606728 cpu3 202120759 33895 33594862 3109615 846 5278 167774419 0 0 0
1450064606825 cpu  1983711907 33698448 302208030 16983135 23070 1040201316 3456121300 0 0 0
1450064606825 cpu0 672084991 33436 67155299 8001615 19112 939525086 3187678740 0 0 0
1450064606825 cpu1 571630994 41132 67184811 2876430 1949 100663469 67110426 0 0 0
1450064606825 cpu2 537875160 33589985 134273058 2995468 1163 7483 33557715 0 0 0
1450064606825 cpu3 202120762 33895 33594862 3109622 846 5278 167774419 0 0 0
1450064606928 cpu  1983711916 33698448 302208032 16983165 23070 1040201316 3456121300 0 0 0
1450064606928 cpu0 672084994 33436 67155299 8001622 19112 939525086 3187678740 0 0 0
1450064606928 cpu1 571630998 41132 67184813 2876435 1949 100663469 67110426 0 0 0
1450064606928 cpu2 537875161 33589985 134273058 2995477 1163 7483 33557715 0 0 0
1450064606928 cpu3 202120763 33895 33594862 3109631 846 5278 167774419 0 0 0
1450064607021 cpu  1983711921 33698448 302208034 16983192 23070 1040201316 3456121300 0 0 0
1450064607021 cpu0 672084995 33436 67155300 8001628 19112 939525086 3187678740 0 0 0
1450064607021 cpu1 571631000 41132 67184813 2876442 1949 100663469 67110426 0 0 0
1450064607021 cpu2 537875162 33589985 134273059 2995483 1163 7483 33557715 0 0 0
1450064607021 cpu3 202120764 33895 33594862 3109639 846 5278 167774419 0 0 0
1450064607118 cpu  1983711924 33698448 302208034 16983228 23070 1040201316 3456121300 0 0 0
1450064607118 cpu0 672084996 33436 67155300 8001637 19112 939525086 3187678740 0 0 0
1450064607118 cpu1 571631001 41132 67184813 2876449 1949 100663469 67110426 0 0 0
1450064607118 cpu2 537875163 33589985 134273059 2995493 1163 7483 33557715 0 0 0
1450064607118 cpu3 202120764 33895 33594862 3109649 846 5278 167774419 0 0 0
1450064607219 cpu  1983711928 33698449 302208035 16983262 23070 1040201316 3456121300 0 0 0
1450064607219 cpu0 672084996 33436 67155300 8001646 19112 939525086 3187678740 0 0 0
1450064607219 cpu1 571631003 41133 67184813 2876457 1949 100663469 67110426 0 0 0
1450064607219 cpu2 537875163 33589985 134273059 2995502 1163 7483 33557715 0 0 0
1450064607219 cpu3 202120766 33895 33594863 3109657 846 5278 167774419 0 0 0
1450064607318 cpu  1983711931 33698450 302208035 16983296 23070 1040201316 3456121300 0 0 0
1450064607318 cpu0 672084997 33436 67155300 8001655 19112 939525086 3187678740 0 0 0
1450064607318 cpu1 571631004 41134 67184813 2876464 1949 100663469 67110426 0 0 0
1450064607318 cpu2 537875164 33589985 134273059 2995511 1163 7483 33557715 0 0 0
1450064607318 cpu3 202120766 33895 33594863 3109666 846 5278 167774419 0 0 0
1450064607418 cpu  1983711942 33698450 302208037 16983322 23070 1040201316 3456121300 0 0 0
1450064607418 cpu0 672085001 33436 67155301 8001660 19112 939525086 3187678740 0 0 0
1450064607418 cpu1 571631007 41134 67184813 2876470 1949 100663469 67110426 0 0 0
1450064607418 cpu2 537875166 33589985 134273059 2995519 1163 7483 33557715 0 0 0
1450064607418 cpu3 202120768 33895 33594864 3109673 846 5278 167774419 0 0 0
1450064607518 cpu  1983711960 33698450 302208039 16983341 23070 1040201316 3456121300 0 0 0
1450064607518 cpu0 672085005 33436 67155301 8001665 19112 939525086 3187678740 0 0 0
1450064607518 cpu1 571631013 41134 67184814 2876474 1949 100663469 67110426 0 0 0
1450064607518 cpu2 537875170 33589985 134273059 2995524 1163 7483 33557715 0 0 0
1450064607518 cpu3 202120772 33895 33594865 3109678 846 5278 167774419 0 0 0
1450064607597 cpu  1983711973 33698450 302208039 16983353 23070 1040201316 3456121300 0 0 0
1450064607597 cpu0 672085009 33436 67155301 8001667 19112 939525086 3187678740 0 0 0
1450064607597 cpu1 571631015 41134 67184814 2876477 1949 100663469 67110426 0 0 0
1450064607597 cpu2 537875175 33589985 134273059 2995526 1163 7483 33557715 0 0 0
1450064607597 cpu3 202120774 33895 33594865 3109683 846 5278 167774419 0 0 0
1450064607698 cpu  1983711992 33698450 302208041 16983373 23070 1040201316 3456121300 0 0 0
1450064607698 cpu0 672085013 33436 67155301 8001672 19112 939525086 3187678740 0 0 0
1450064607698 cpu1 571631020 41134 67184816 2876482 1949 100663469 67110426 0 0 0
1450064607698 cpu2 537875178 33589985 134273059 2995532 1163 7483 33557715 0 0 0
1450064607698 cpu3 202120781 33895 33594865 3109687 846 5278 167774419 0 0 0
1450064607798 cpu  1983712007 33698450 302208041 16983395 23070 1040201316 3456121300 0 0 0
1450064607798 cpu0 672085015 33436 67155301 8001680 19112 939525086 3187678740 0 0 0
1450064607798 cpu1 571631022 41134 67184816 2876488 1949 100663469 67110426 0 0 0
1450064607798 cpu2 537875188 33589985 134273059 2995532 1163 7483 33557715 0 0 0
1450064607798 cpu3 202120782 33895 33594865 3109695 846 5278 167774419 0 0 0
1450064607898 cpu  1983712020 33698457 302208045 16983408 23070 1040201316 3456121300 0 0 0
1450064607898 cpu0 672085017 33437 67155302 8001684 19112 939525086 3187678740 0 0 0
1450064607898 cpu1 571631028 41135 67184816 2876492 1949 100663469 67110426 0 0 0
1450064607898 cpu2 537875191 33589988 134273061 2995534 1163 7483 33557715 0 0 0
1450064607898 cpu3 202120784 33897 33594866 3109698 846 5278 167774419 0 0 0
