1450064564673 cpu  1983707278 33698155 302207633 16972585 23028 1040201302 3456121275 0 0 0
1450064564673 cpu0 672084108 33384 67155240 7998870 19077 939525086 3187678721 0 0 0
1450064564673 cpu1 571629349 41056 67184677 2874253 1948 100663469 67110424 0 0 0
1450064564673 cpu2 537873972 33589877 134272930 2992854 1159 7475 33557713 0 0 0
1450064564673 cpu3 202119849 33838 33594786 3106608 844 5272 167774417 0 0 0
1450064564784 cpu  1983707307 33698157 302207633 16972587 23028 1040201302 3456121275 0 0 0
1450064564784 cpu0 672084114 33385 67155240 7998870 19077 939525086 3187678721 0 0 0
1450064564784 cpu1 571629357 41056 67184677 2874254 1948 100663469 67110424 0 0 0
1450064564784 cpu2 537873979 33589878 134272930 2992854 1159 7475 33557713 0 0 0
1450064564784 cpu3 202119857 33838 33594786 3106609 844 5272 167774417 0 0 0
1450064564845 cpu  1983707315 33698157 302207633 16972601 23028 1040201302 3456121275 0 0 0
1450064564845 cpu0 672084116 33385 67155240 7998873 19077 939525086 3187678721 0 0 0
1450064564845 cpu1 571629359 41056 67184677 2874257 1948 100663469 67110424 0 0 0
1450064564845 cpu2 537873980 33589878 134272930 2992859 1159 7475 33557713 0 0 0
1450064564845 cpu3 202119860 33838 33594786 3106612 844 5272 167774417 0 0 0
1450064564907 cpu  1983707324 33698157 302207634 16972614 23028 1040201303 3456121275 0 0 0
1450064564907 cpu0 672084118 33385 67155241 7998876 19077 939525086 3187678721 0 0 0
1450064564907 cpu1 571629362 41056 67184677 2874260 1948 100663469 67110424 0 0 0
1450064564907 cpu2 537873982 33589878 134272930 2992863 1159 7476 33557713 0 0 0
1450064564907 cpu3 202119862 33838 33594786 3106615 844 5272 167774417 0 0 0
1450064564968 cpu  1983707330 33698157 302207638 16972629 23028 1040201303 3456121275 0 0 0
1450064564968 cpu0 672084118 33385 67155241 7998881 19077 939525086 3187678721 0 0 0
1450064564968 cpu1 571629363 41056 67184679 2874263 1948 100663469 67110424 0 0 0
1450064564968 cpu2 537873982 33589878 134272930 2992869 1159 7476 33557713 0 0 0
1450064564968 cpu3 202119867 33838 33594788 3106616 844 5272 167774417 0 0 0
1450064565029 cpu  1983707341 33698160 302207639 16972636 23028 1040201303 3456121275 0 0 0
1450064565029 cpu0 672084120 33386 67155241 7998883 19077 939525086 3187678721 0 0 0
1450064565029 cpu1 571629366 41057 67184679 2874265 1948 100663469 67110424 0 0 0
1450064565029 cpu2 537873986 33589878 134272931 2992870 1159 7476 33557713 0 0 0
1450064565029 cpu3 202119869 33839 33594788 3106618 844 5272 167774417 0 0 0
1450064565090 cpu  1983707347 33698161 302207640 16972650 23028 1040201303 3456121275 0 0 0
1450064565090 cpu0 672084121 33386 67155241 7998887 19077 939525086 3187678721 0 0 0
1450064565090 cpu1 571629369 41057 67184679 2874267 1948 100663469 67110424 0 0 0
1450064565090 cpu2 537873987 33589878 134272932 2992874 1159 7476 33557713 0 0 0
1450064565090 cpu3 202119870 33840 33594788 3106622 844 5272 167774417 0 0 0
1450064565151 cpu  1983707351 33698162 302207641 16972666 23028 1040201303 3456121275 0 0 0
1450064565151 cpu0 672084121 33387 67155241 7998891 19077 939525086 3187678721 0 0 0
1450064565151 cpu1 571629370 41057 67184679 2874272 1948 100663469 67110424 0 0 0
1450064565151 cpu2 537873988 33589878 134272933 2992878 1159 7476 33557713 0 0 0
1450064565151 cpu3 202119872 33840 33594788 3106625 844 5272 167774417 0 0 0
1450064565212 cpu  1983707357 33698162 302207641 16972686 23028 1040201303 3456121275 0 0 0
1450064565212 cpu0 672084122 33387 67155241 7998896 19077 939525086 3187678721 0 0 0
1450064565212 cpu1 571629372 41057 67184679 2874276 1948 100663469 67110424 0 0 0
1450064565212 cpu2 537873989 33589878 134272933 2992884 1159 7476 33557713 0 0 0
1450064565212 cpu3 202119874 33840 33594788 3106630 844 5272 167774417 0 0 0
1450064565274 cpu  1983707364 33698162 302207641 16972702 23028 1040201303 3456121275 0 0 0
1450064565274 cpu0 672084123 33387 67155241 7998901 19077 939525086 3187678721 0 0 0
1450064565274 cpu1 571629374 41057 67184679 2874280 1948 100663469 67110424 0 0 0
1450064565274 cpu2 537873992 33589878 134272933 2992886 1159 7476 33557713 0 0 0
1450064565274 cpu3 202119875 33840 33594788 3106635 844 5272 167774417 0 0 0
1450064565337 cpu  1983707371 33698162 302207643 16972715 23028 1040201303 3456121275 0 0 0
1450064565337 cpu0 672084125 33387 67155241 7998904 19077 939525086 3187678721 0 0 0
1450064565337 cpu1 571629376 41057 67184679 2874284 1948 100663469 67110424 0 0 0
1450064565337 cpu2 537873995 33589878 134272935 2992887 1159 7476 33557713 0 0 0
1450064565337 cpu3 202119875 33840 33594788 3106640 844 5272 167774417 0 0 0
1450064565398 cpu  1983707382 33698162 302207644 16972727 23028 1040201303 3456121275 0 0 0
1450064565398 cpu0 672084128 33387 67155242 7998906 19077 939525086 3187678721 0 0 0
1450064565398 cpu1 571629380 41057 67184679 2874286 1948 100663469 67110424 0 0 0
1450064565398 cpu2 537873996 33589878 134272935 2992891 1159 7476 33557713 0 0 0
1450064565398 cpu3 202119878 33840 33594788 3106644 844 5272 167774417 0 0 0
1450064565459 cpu  1983707389 33698162 302207644 16972745 23028 1040201303 3456121275 0 0 0
1450064565459 cpu0 672084128 33387 67155242 7998912 19077 939525086 3187678721 0 0 0
1450064565459 cpu1 571629386 41057 67184679 2874286 1948 100663469 67110424 0 0 0
1450064565459 cpu2 537873997 33589878 134272935 2992897 1159 7476 33557713 0 0 0
1450064565459 cpu3 202119878 33840 33594788 3106650 844 5272 167774417 0 0 0
1450064565521 cpu  1983707395 33698162 302207645 16972763 23028 1040201303 3456121275 0 0 0
1450064565521 cpu0 672084129 33387 67155242 7998918 19077 939525086 3187678721 0 0 0
1450064565521 cpu1 571629391 41057 67184680 2874286 1948 100663469 67110424 0 0 0
1450064565521 cpu2 537873997 33589878 134272935 2992903 1159 7476 33557713 0 0 0
1450064565521 cpu3 202119878 33840 33594788 3106656 844 5272 167774417 0 0 0
1450064565584 cpu  1983707402 33698162 302207645 16972780 23028 1040201303 3456121275 0 0 0
1450064565584 cpu0 672084130 33387 67155242 7998923 19077 939525086 3187678721 0 0 0
1450064565584 cpu1 571629397 41057 67184680 2874286 1948 100663469 67110424 0 0 0
1450064565584 cpu2 537873997 33589878 134272935 2992909 1159 7476 33557713 0 0 0
1450064565584 cpu3 202119878 33840 33594788 3106662 844 5272 167774417 0 0 0
1450064565647 cpu  1983707409 33698162 302207645 16972798 23028 1040201303 3456121275 0 0 0
1450064565647 cpu0 672084130 33387 67155242 7998929 19077 939525086 3187678721 0 0 0
1450064565647 cpu1 571629404 41057 67184680 2874286 1948 100663469 67110424 0 0 0
1450064565647 cpu2 537873997 33589878 134272935 2992915 1159 7476 33557713 0 0 0
1450064565647 cpu3 202119878 33840 33594788 3106668 844 5272 167774417 0 0 0
1450064565711 cpu  1983707421 33698162 302207646 16972809 23028 1040201303 3456121275 0 0 0
1450064565711 cpu0 672084131 33387 67155242 7998933 19077 939525086 3187678721 0 0 0
1450064565711 cpu1 571629410 41057 67184680 2874286 1948 100663469 67110424 0 0 0
1450064565711 cpu2 537874001 33589878 134272935 2992918 1159 7476 33557713 0 0 0
1450064565711 cpu3 202119879 33840 33594789 3106672 844 5272 167774417 0 0 0
1450064565773 cpu  1983707428 33698162 302207646 16972826 23028 1040201303 3456121275 0 0 0
1450064565773 cpu0 672084131 33387 67155242 7998939 19077 939525086 3187678721 0 0 0
1450064565773 cpu1 571629415 41057 67184680 2874286 1948 100663469 67110424 0 0 0
1450064565773 cpu2 537874002 33589878 134272935 2992923 1159 7476 33557713 0 0 0
1450064565773 cpu3 202119880 33840 33594789 3106678 844 5272 167774417 0 0 0
1450064565836 cpu  1983707435 33698162 302207646 16972844 23028 1040201303 3456121275 0 0 0
1450064565836 cpu0 672084132 33387 67155242 7998945 19077 939525086 3187678721 0 0 0
1450064565836 cpu1 571629421 41057 67184680 2874286 1948 100663469 67110424 0 0 0
1450064565836 cpu2 537874002 33589878 134272935 2992929 1159 7476 33557713 0 0 0
1450064565836 cpu3 202119880 33840 33594789 3106684 844 5272 167774417 0 0 0
1450064565900 cpu  1983707440 33698162 302207648 16972861 23028 1040201303 3456121275 0 0 0
1450064565900 cpu0 672084132 33387 67155242 7998950 19077 939525086 3187678721 0 0 0
1450064565900 cpu1 571629426 41057 67184682 2874286 1948 100663469 67110424 0 0 0
1450064565900 cpu2 537874002 33589878 134272935 2992935 1159 7476 33557713 0 0 0
1450064565900 cpu3 202119880 33840 33594789 3106690 844 5272 167774417 0 0 0
1450064565963 cpu  1983707447 33698162 302207649 16972877 23028 1040201303 3456121275 0 0 0
1450064565963 cpu0 672084133 33387 67155242 7998955 19077 939525086 3187678721 0 0 0
1450064565963 cpu1 571629431 41057 67184683 2874286 1948 100663469 67110424 0 0 0
1450064565963 cpu2 537874003 33589878 134272935 2992940 1159 7476 33557713 0 0 0
1450064565963 cpu3 202119880 33840 33594789 3106696 844 5272 167774417 0 0 0
1450064566044 cpu  1983707459 33698162 302207655 16972887 23028 1040201303 3456121275 0 0 0
1450064566044 cpu0 672084136 33387 67155243 7998957 19077 939525086 3187678721 0 0 0
1450064566044 cpu1 571629434 41057 67184686 2874288 1948 100663469 67110424 0 0 0
1450064566044 cpu2 537874007 33589878 134272936 2992942 1159 7476 33557713 0 0 0
1450064566044 cpu3 202119882 33840 33594790 3106700 844 5272 167774417 0 0 0
1450064566105 cpu  1983707470 33698162 302207656 16972897 23028 1040201303 3456121275 0 0 0
1450064566105 cpu0 672084138 33387 67155243 7998960 19077 939525086 3187678721 0 0 0
1450064566105 cpu1 571629437 41057 67184686 2874290 1948 100663469 67110424 0 0 0
1450064566105 cpu2 537874008 33589878 134272937 2992946 1159 7476 33557713 0 0 0
1450064566105 cpu3 202119887 33840 33594790 3106701 844 5272 167774417 0 0 0
1450064566167 cpu  1983707479 33698164 302207656 16972907 23028 1040201303 3456121275 0 0 0
1450064566167 cpu0 672084141 33387 67155243 7998962 19077 939525086 3187678721 0 0 0
1450064566167 cpu1 571629440 41058 67184686 2874292 1948 100663469 67110424 0 0 0
1450064566167 cpu2 537874010 33589878 134272937 2992949 1159 7476 33557713 0 0 0
1450064566167 cpu3 202119888 33841 33594790 3106704 844 5272 167774417 0 0 0
1450064566246 cpu  1983707493 33698170 302207658 16972916 23028 1040201303 3456121275 0 0 0
1450064566246 cpu0 672084144 33388 67155243 7998966 19077 939525086 3187678721 0 0 0
1450064566246 cpu1 571629441 41063 67184687 2874292 1948 100663469 67110424 0 0 0
1450064566246 cpu2 537874017 33589878 134272937 2992950 1159 7476 33557713 0 0 0
1450064566246 cpu3 202119891 33841 33594791 3106708 844 5272 167774417 0 0 0
1450064566311 cpu  1983707504 33698174 302207658 16972924 23029 1040201303 3456121275 0 0 0
1450064566311 cpu0 672084145 33389 67155243 7998968 19078 939525086 3187678721 0 0 0
1450064566311 cpu1 571629445 41065 67184687 2874293 1948 100663469 67110424 0 0 0
1450064566311 cpu2 537874019 33589879 134272937 2992953 1159 7476 33557713 0 0 0
1450064566311 cpu3 202119895 33841 33594791 3106710 844 5272 167774417 0 0 0
1450064566372 cpu  1983707516 33698174 302207659 16972936 23029 1040201303 3456121275 0 0 0
1450064566372 cpu0 672084147 33389 67155243 7998972 19078 939525086 3187678721 0 0 0
1450064566372 cpu1 571629449 41065 67184687 2874295 1948 100663469 67110424 0 0 0
1450064566372 cpu2 537874022 33589879 134272938 2992956 1159 7476 33557713 0 0 0
1450064566372 cpu3 202119898 33841 33594791 3106713 844 5272 167774417 0 0 0
1450064566434 cpu  1983707530 33698175 302207661 16972940 23029 1040201303 3456121275 0 0 0
1450064566434 cpu0 672084149 33389 67155244 7998973 19078 939525086 3187678721 0 0 0
1450064566434 cpu1 571629453 41066 67184688 2874295 1948 100663469 67110424 0 0 0
1450064566434 cpu2 537874026 33589879 134272938 2992957 1159 7476 33557713 0 0 0
1450064566434 cpu3 202119902 33841 33594791 3106715 844 5272 167774417 0 0 0
1450064566496 cpu  1983707540 33698179 302207663 16972947 23029 1040201303 3456121275 0 0 0
1450064566496 cpu0 672084152 33390 67155244 7998975 19078 939525086 3187678721 0 0 0
1450064566496 cpu1 571629454 41068 67184690 2874296 1948 100663469 67110424 0 0 0
1450064566496 cpu2 537874028 33589879 134272938 2992960 1159 7476 33557713 0 0 0
1450064566496 cpu3 202119906 33842 33594791 3106716 844 5272 167774417 0 0 0
1450064566557 cpu  1983707549 33698179 302207665 16972958 23029 1040201303 3456121275 0 0 0
1450064566557 cpu0 672084154 33390 67155244 7998978 19078 939525086 3187678721 0 0 0
1450064566557 cpu1 571629457 41068 67184691 2874297 1948 100663469 67110424 0 0 0
1450064566557 cpu2 537874030 33589879 134272939 2992964 1159 7476 33557713 0 0 0
1450064566557 cpu3 202119908 33842 33594791 3106719 844 5272 167774417 0 0 0
1450064566619 cpu  1983707561 33698179 302207665 16972967 23029 1040201303 3456121275 0 0 0
1450064566619 cpu0 672084157 33390 67155244 7998981 19078 939525086 3187678721 0 0 0
1450064566619 cpu1 571629460 41068 67184691 2874299 1948 100663469 67110424 0 0 0
1450064566619 cpu2 537874034 33589879 134272939 2992965 1159 7476 33557713 0 0 0
1450064566619 cpu3 202119910 33842 33594791 3106722 844 5272 167774417 0 0 0
1450064566680 cpu  1983707577 33698179 302207665 16972973 23029 1040201303 3456121276 0 0 0
1450064566680 cpu0 672084161 33390 67155244 7998982 19078 939525086 3187678722 0 0 0
1450064566680 cpu1 571629465 41068 67184691 2874300 1948 100663469 67110424 0 0 0
1450064566680 cpu2 537874037 33589879 134272939 2992967 1159 7476 33557713 0 0 0
1450064566680 cpu3 202119914 33842 33594791 3106724 844 5272 167774417 0 0 0
1450064566742 cpu  1983707593 33698180 302207665 16972977 23029 1040201303 3456121276 0 0 0
1450064566742 cpu0 672084164 33391 67155244 7998983 19078 939525086 3187678722 0 0 0
1450064566742 cpu1 571629469 41068 67184691 2874300 1948 100663469 67110424 0 0 0
1450064566742 cpu2 537874042 33589879 134272939 2992968 1159 7476 33557713 0 0 0
1450064566742 cpu3 202119918 33842 33594791 3106726 844 5272 167774417 0 0 0
1450064566803 cpu  1983707610 33698180 302207665 16972978 23029 1040201303 3456121276 0 0 0
1450064566803 cpu0 672084167 33391 67155244 7998983 19078 939525086 3187678722 0 0 0
1450064566803 cpu1 571629474 41068 67184691 2874300 1948 100663469 67110424 0 0 0
1450064566803 cpu2 537874047 33589879 134272939 2992969 1159 7476 33557713 0 0 0
1450064566803 cpu3 202119922 33842 33594791 3106726 844 5272 167774417 0 0 0
1450064566864 cpu  1983707624 33698180 302207665 16972984 23029 1040201303 3456121277 0 0 0
1450064566864 cpu0 672084170 33391 67155244 7998985 19078 939525086 3187678722 0 0 0
1450064566864 cpu1 571629479 41068 67184691 2874300 1948 100663469 67110424 0 0 0
1450064566864 cpu2 537874050 33589879 134272939 2992971 1159 7476 33557713 0 0 0
1450064566864 cpu3 202119925 33842 33594791 3106728 844 5272 167774418 0 0 0
1450064566926 cpu  1983707640 33698180 302207666 16972990 23029 1040201303 3456121277 0 0 0
1450064566926 cpu0 672084174 33391 67155244 7998986 19078 939525086 3187678722 0 0 0
1450064566926 cpu1 571629484 41068 67184692 2874300 1948 100663469 67110424 0 0 0
1450064566926 cpu2 537874053 33589879 134272939 2992973 1159 7476 33557713 0 0 0
1450064566926 cpu3 202119929 33842 33594791 3106731 844 5272 167774418 0 0 0
1450064566986 cpu  1983707658 33698180 302207669 16972991 23029 1040201303 3456121277 0 0 0
1450064566986 cpu0 672084178 33391 67155245 7998987 19078 939525086 3187678722 0 0 0
1450064566986 cpu1 571629489 41068 67184693 2874300 1948 100663469 67110424 0 0 0
1450064566986 cpu2 537874058 33589879 134272939 2992973 1159 7476 33557713 0 0 0
1450064566986 cpu3 202119933 33842 33594792 3106731 844 5272 167774418 0 0 0
1450064567047 cpu  1983707669 33698180 302207670 16972997 23029 1040201303 3456121277 0 0 0
1450064567047 cpu0 672084179 33391 67155245 7998989 19078 939525086 3187678722 0 0 0
1450064567047 cpu1 571629493 41068 67184693 2874301 1948 100663469 67110424 0 0 0
1450064567047 cpu2 537874060 33589879 134272939 2992976 1159 7476 33557713 0 0 0
1450064567047 cpu3 202119937 33842 33594793 3106731 844 5272 167774418 0 0 0
1450064567108 cpu  1983707684 33698182 302207672 16973004 23029 1040201303 3456121277 0 0 0
1450064567108 cpu0 672084183 33392 67155245 7998992 19078 939525086 3187678722 0 0 0
1450064567108 cpu1 571629497 41068 67184693 2874303 1948 100663469 67110424 0 0 0
1450064567108 cpu2 537874062 33589879 134272941 2992978 1159 7476 33557713 0 0 0
1450064567108 cpu3 202119942 33843 33594793 3106731 844 5272 167774418 0 0 0
1450064567171 cpu  1983707701 33698182 302207672 16973007 23029 1040201303 3456121277 0 0 0
1450064567171 cpu0 672084186 33392 67155245 7998992 19078 939525086 3187678722 0 0 0
1450064567171 cpu1 571629502 41068 67184693 2874303 1948 100663469 67110424 0 0 0
1450064567171 cpu2 537874066 33589879 134272941 2992980 1159 7476 33557713 0 0 0
1450064567171 cpu3 202119947 33843 33594793 3106732 844 5272 167774418 0 0 0
1450064567235 cpu  1983707709 33698182 302207673 16973021 23029 1040201303 3456121277 0 0 0
1450064567235 cpu0 672084189 33392 67155245 7998995 19078 939525086 3187678722 0 0 0
1450064567235 cpu1 571629504 41068 67184693 2874307 1948 100663469 67110424 0 0 0
1450064567235 cpu2 537874066 33589879 134272941 2992986 1159 7476 33557713 0 0 0
1450064567235 cpu3 202119950 33843 33594794 3106733 844 5272 167774418 0 0 0
1450064567336 cpu  1983707724 33698182 302207675 16973040 23029 1040201303 3456121277 0 0 0
1450064567336 cpu0 672084193 33392 67155245 7999000 19078 939525086 3187678722 0 0 0
1450064567336 cpu1 571629509 41068 67184695 2874308 1948 100663469 67110424 0 0 0
1450064567336 cpu2 537874069 33589879 134272941 2992993 1159 7476 33557713 0 0 0
1450064567336 cpu3 202119953 33843 33594794 3106739 844 5272 167774418 0 0 0
1450064567437 cpu  1983707733 33698182 302207675 16973072 23029 1040201303 3456121277 0 0 0
1450064567437 cpu0 672084195 33392 67155245 7999007 19078 939525086 3187678722 0 0 0
1450064567437 cpu1 571629512 41068 67184695 2874316 1948 100663469 67110424 0 0 0
1450064567437 cpu2 537874070 33589879 134272941 2993002 1159 7476 33557713 0 0 0
1450064567437 cpu3 202119956 33843 33594794 3106747 844 5272 167774418 0 0 0
1450064567538 cpu  1983707738 33698182 302207675 16973108 23029 1040201303 3456121277 0 0 0
1450064567538 cpu0 672084196 33392 67155245 7999017 19078 939525086 3187678722 0 0 0
1450064567538 cpu1 571629515 41068 67184695 2874323 1948 100663469 67110424 0 0 0
1450064567538 cpu2 537874071 33589879 134272941 2993011 1159 7476 33557713 0 0 0
1450064567538 cpu3 202119956 33843 33594794 3106757 844 5272 167774418 0 0 0
1450064567638 cpu  1983707741 33698182 302207675 16973144 23029 1040201303 3456121277 0 0 0
1450064567638 cpu0 672084196 33392 67155245 7999026 19078 939525086 3187678722 0 0 0
1450064567638 cpu1 571629516 41068 67184695 2874332 1948 100663469 67110424 0 0 0
1450064567638 cpu2 537874071 33589879 134272941 2993021 1159 7476 33557713 0 0 0
1450064567638 cpu3 202119958 33843 33594794 3106765 844 5272 167774418 0 0 0
1450064567742 cpu  1983707742 33698182 302207675 16973182 23029 1040201303 3456121277 0 0 0
1450064567742 cpu0 672084197 33392 67155245 7999035 19078 939525086 3187678722 0 0 0
1450064567742 cpu1 571629516 41068 67184695 2874342 1948 100663469 67110424 0 0 0
1450064567742 cpu2 537874071 33589879 134272941 2993030 1159 7476 33557713 0 0 0
1450064567742 cpu3 202119958 33843 33594794 3106775 844 5272 167774418 0 0 0
1450064567845 cpu  1983707743 33698182 302207675 16973222 23029 1040201303 3456121277 0 0 0
1450064567845 cpu0 672084197 33392 67155245 7999044 19078 939525086 3187678722 0 0 0
1450064567845 cpu1 571629516 41068 67184695 2874353 1948 100663469 67110424 0 0 0
1450064567845 cpu2 537874072 33589879 134272941 2993040 1159 7476 33557713 0 0 0
1450064567845 cpu3 202119958 33843 33594794 3106785 844 5272 167774418 0 0 0
1450064567949 cpu  1983707751 33698182 302207678 16973252 23029 1040201303 3456121278 0 0 0
1450064567949 cpu0 672084199 33392 67155246 7999052 19078 939525086 3187678723 0 0 0
1450064567949 cpu1 571629519 41068 67184696 2874359 1948 100663469 67110424 0 0 0
1450064567949 cpu2 537874075 33589879 134272942 2993046 1159 7476 33557713 0 0 0
1450064567949 cpu3 202119958 33843 33594794 3106795 844 5272 167774418 0 0 0
1450064568048 cpu  1983707754 33698182 302207678 16973289 23029 1040201303 3456121278 0 0 0
1450064568048 cpu0 672084199 33392 67155246 7999061 19078 939525086 3187678723 0 0 0
1450064568048 cpu1 571629520 41068 67184696 2874369 1948 100663469 67110424 0 0 0
1450064568048 cpu2 537874077 33589879 134272942 2993054 1159 7476 33557713 0 0 0
1450064568048 cpu3 202119958 33843 33594794 3106805 844 5272 167774418 0 0 0
1450064568139 cpu  1983707756 33698182 302207678 16973318 23029 1040201303 3456121278 0 0 0
1450064568139 cpu0 672084199 33392 67155246 7999068 19078 939525086 3187678723 0 0 0
1450064568139 cpu1 571629521 41068 67184696 2874375 1948 100663469 67110424 0 0 0
1450064568139 cpu2 537874077 33589879 134272942 2993062 1159 7476 33557713 0 0 0
1450064568139 cpu3 202119959 33843 33594794 3106813 844 5272 167774418 0 0 0
1450064568238 cpu  1983707776 33698185 302207680 16973331 23029 1040201303 3456121278 0 0 0
1450064568238 cpu0 672084204 33392 67155246 7999071 19078 939525086 3187678723 0 0 0
1450064568238 cpu1 571629526 41069 67184697 2874378 1948 100663469 67110424 0 0 0
1450064568238 cpu2 537874083 33589880 134272942 2993065 1159 7476 33557713 0 0 0
1450064568238 cpu3 202119963 33844 33594795 3106817 844 5272 167774418 0 0 0
1450064568338 cpu  1983707787 33698185 302207680 16973358 23030 1040201303 3456121278 0 0 0
1450064568338 cpu0 672084206 33392 67155246 7999078 19079 939525086 3187678723 0 0 0
1450064568338 cpu1 571629528 41069 67184697 2874385 1948 100663469 67110424 0 0 0
1450064568338 cpu2 537874086 33589880 134272942 2993072 1159 7476 33557713 0 0 0
1450064568338 cpu3 202119967 33844 33594795 3106823 844 5272 167774418 0 0 0
1450064568440 cpu  1983707787 33698185 302207680 16973398 23030 1040201303 3456121278 0 0 0
1450064568440 cpu0 672084206 33392 67155246 7999088 19079 939525086 3187678723 0 0 0
1450064568440 cpu1 571629528 41069 67184697 2874395 1948 100663469 67110424 0 0 0
1450064568440 cpu2 537874086 33589880 134272942 2993082 1159 7476 33557713 0 0 0
1450064568440 cpu3 202119967 33844 33594795 3106833 844 5272 167774418 0 0 0
1450064568543 cpu  1983707794 33698185 302207682 16973428 23030 1040201303 3456121278 0 0 0
1450064568543 cpu0 672084208 33392 67155246 7999096 19079 939525086 3187678723 0 0 0
1450064568543 cpu1 571629531 41069 67184697 2874403 1948 100663469 67110424 0 0 0
1450064568543 cpu2 537874088 33589880 134272944 2993088 1159 7476 33557713 0 0 0
1450064568543 cpu3 202119967 33844 33594795 3106842 844 5272 167774418 0 0 0
1450064568642 cpu  1983707804 33698185 302207683 16973455 23030 1040201303 3456121278 0 0 0
1450064568642 cpu0 672084211 33392 67155246 7999101 19079 939525086 3187678723 0 0 0
1450064568642 cpu1 571629534 41069 67184698 2874408 1948 100663469 67110424 0 0 0
1450064568642 cpu2 537874091 33589880 134272944 2993095 1159 7476 33557713 0 0 0
1450064568642 cpu3 202119968 33844 33594795 3106851 844 5272 167774418 0 0 0
1450064568745 cpu  1983707816 33698186 302207684 16973480 23030 1040201303 3456121278 0 0 0
1450064568745 cpu0 672084214 33393 67155246 7999107 19079 939525086 3187678723 0 0 0
1450064568745 cpu1 571629537 41069 67184698 2874415 1948 100663469 67110424 0 0 0
1450064568745 cpu2 537874094 33589880 134272944 2993101 1159 7476 33557713 0 0 0
1450064568745 cpu3 202119971 33844 33594796 3106857 844 5272 167774418 0 0 0
1450064568834 cpu  1983707835 33698186 302207684 16973492 23031 1040201303 3456121278 0 0 0
1450064568834 cpu0 672084219 33393 67155246 7999108 19080 939525086 3187678723 0 0 0
1450064568834 cpu1 571629541 41069 67184698 2874419 1948 100663469 67110424 0 0 0
1450064568834 cpu2 537874100 33589880 134272944 2993104 1159 7476 33557713 0 0 0
1450064568834 cpu3 202119975 33844 33594796 3106861 844 5272 167774418 0 0 0
1450064568929 cpu  1983707841 33698186 302207684 16973522 23031 1040201304 3456121278 0 0 0
1450064568929 cpu0 672084220 33393 67155246 7999115 19080 939525086 3187678723 0 0 0
1450064568929 cpu1 571629543 41069 67184698 2874426 1948 100663469 67110424 0 0 0
1450064568929 cpu2 537874100 33589880 134272944 2993113 1159 7476 33557713 0 0 0
1450064568929 cpu3 202119978 33844 33594796 3106868 844 5273 167774418 0 0 0
1450064569029 cpu  1983707848 33698186 302207685 16973554 23031 1040201304 3456121278 0 0 0
1450064569029 cpu0 672084223 33393 67155246 7999122 19080 939525086 3187678723 0 0 0
1450064569029 cpu1 571629546 41069 67184699 2874432 1948 100663469 67110424 0 0 0
1450064569029 cpu2 537874101 33589880 134272944 2993122 1159 7476 33557713 0 0 0
1450064569029 cpu3 202119978 33844 33594796 3106878 844 5273 167774418 0 0 0
1450064569129 cpu  1983707860 33698186 302207688 16973578 23031 1040201304 3456121278 0 0 0
1450064569129 cpu0 672084226 33393 67155246 7999128 19080 939525086 3187678723 0 0 0
1450064569129 cpu1 571629550 41069 67184701 2874436 1948 100663469 67110424 0 0 0
1450064569129 cpu2 537874105 33589880 134272945 2993127 1159 7476 33557713 0 0 0
1450064569129 cpu3 202119979 33844 33594796 3106887 844 5273 167774418 0 0 0
1450064569213 cpu  1983707864 33698186 302207688 16973606 23031 1040201304 3456121278 0 0 0
1450064569213 cpu0 672084228 33393 67155246 7999134 19080 939525086 3187678723 0 0 0
1450064569213 cpu1 571629551 41069 67184701 2874443 1948 100663469 67110424 0 0 0
1450064569213 cpu2 537874106 33589880 134272945 2993134 1159 7476 33557713 0 0 0
1450064569213 cpu3 202119979 33844 33594796 3106895 844 5273 167774418 0 0 0
1450064569308 cpu  1983707875 33698186 302207692 16973625 23031 1040201304 3456121278 0 0 0
1450064569308 cpu0 672084230 33393 67155246 7999140 19080 939525086 3187678723 0 0 0
1450064569308 cpu1 571629554 41069 67184701 2874448 1948 100663469 67110424 0 0 0
1450064569308 cpu2 537874109 33589880 134272945 2993140 1159 7476 33557713 0 0 0
1450064569308 cpu3 202119982 33844 33594800 3106897 844 5273 167774418 0 0 0
1450064569409 cpu  1983707879 33698186 302207696 16973655 23034 1040201304 3456121278 0 0 0
1450064569409 cpu0 672084231 33393 67155247 7999145 19082 939525086 3187678723 0 0 0
1450064569409 cpu1 571629555 41069 67184703 2874456 1948 100663469 67110424 0 0 0
1450064569409 cpu2 537874110 33589880 134272945 2993149 1159 7476 33557713 0 0 0
1450064569409 cpu3 202119983 33844 33594801 3106905 845 5273 167774418 0 0 0
1450064569511 cpu  1983707880 33698186 302207696 16973689 23038 1040201304 3456121278 0 0 0
1450064569511 cpu0 672084232 33393 67155247 7999149 19086 939525086 3187678723 0 0 0
1450064569511 cpu1 571629555 41069 67184703 2874466 1948 100663469 67110424 0 0 0
1450064569511 cpu2 537874110 33589880 134272945 2993159 1159 7476 33557713 0 0 0
1450064569511 cpu3 202119983 33844 33594801 3106915 845 5273 167774418 0 0 0
1450064569594 cpu  1983707880 33698186 302207696 16973722 23038 1040201304 3456121278 0 0 0
1450064569594 cpu0 672084232 33393 67155247 7999158 19086 939525086 3187678723 0 0 0
1450064569594 cpu1 571629555 41069 67184703 2874474 1948 100663469 67110424 0 0 0
1450064569594 cpu2 537874110 33589880 134272945 2993167 1159 7476 33557713 0 0 0
1450064569594 cpu3 202119983 33844 33594801 3106923 845 5273 167774418 0 0 0
1450064569688 cpu  1983707884 33698186 302207696 16973754 23038 1040201304 3456121278 0 0 0
1450064569688 cpu0 672084233 33393 67155247 7999166 19086 939525086 3187678723 0 0 0
1450064569688 cpu1 571629557 41069 67184703 2874480 1948 100663469 67110424 0 0 0
1450064569688 cpu2 537874110 33589880 134272945 2993176 1159 7476 33557713 0 0 0
1450064569688 cpu3 202119984 33844 33594801 3106932 845 5273 167774418 0 0 0
1450064569789 cpu  1983707893 33698186 302207696 16973782 23038 1040201304 3456121278 0 0 0
1450064569789 cpu0 672084234 33393 67155247 7999173 19086 939525086 3187678723 0 0 0
1450064569789 cpu1 571629560 41069 67184703 2874487 1948 100663469 67110424 0 0 0
1450064569789 cpu2 537874114 33589880 134272945 2993182 1159 7476 33557713 0 0 0
1450064569789 cpu3 202119985 33844 33594801 3106940 845 5273 167774418 0 0 0
1450064569858 cpu  1983707907 33698186 302207697 16973791 23038 1040201304 3456121278 0 0 0
1450064569858 cpu0 672084236 33393 67155248 7999176 19086 939525086 3187678723 0 0 0
1450064569858 cpu1 571629564 41069 67184703 2874489 1948 100663469 67110424 0 0 0
1450064569858 cpu2 537874117 33589880 134272945 2993185 1159 7476 33557713 0 0 0
1450064569858 cpu3 202119990 33844 33594801 3106941 845 5273 167774418 0 0 0
1450064569958 cpu  1983707924 33698186 302207697 16973812 23038 1040201304 3456121278 0 0 0
1450064569958 cpu0 672084240 33393 67155248 7999181 19086 939525086 3187678723 0 0 0
1450064569958 cpu1 571629569 41069 67184703 2874494 1948 100663469 67110424 0 0 0
1450064569958 cpu2 537874120 33589880 134272945 2993191 1159 7476 33557713 0 0 0
1450064569958 cpu3 202119995 33844 33594801 3106946 845 5273 167774418 0 0 0
1450064570058 cpu  1983707929 33698186 302207697 16973847 23038 1040201304 3456121278 0 0 0
1450064570058 cpu0 672084241 33393 67155248 7999189 19086 939525086 3187678723 0 0 0
1450064570058 cpu1 571629572 41069 67184703 2874502 1948 100663469 67110424 0 0 0
1450064570058 cpu2 537874121 33589880 134272945 2993200 1159 7476 33557713 0 0 0
1450064570058 cpu3 202119995 33844 33594801 3106956 845 5273 167774418 0 0 0
1450064570158 cpu  1983707951 33698186 302207697 16973863 23038 1040201304 3456121278 0 0 0
1450064570158 cpu0 672084246 33393 67155248 7999193 19086 939525086 3187678723 0 0 0
1450064570158 cpu1 571629578 41069 67184703 2874505 1948 100663469 67110424 0 0 0
1450064570158 cpu2 537874125 33589880 134272945 2993206 1159 7476 33557713 0 0 0
1450064570158 cpu3 202120002 33844 33594801 3106959 845 5273 167774418 0 0 0
1450064570256 cpu  1983707972 33698186 302207698 16973870 23038 1040201304 3456121278 0 0 0
1450064570256 cpu0 672084250 33393 67155248 7999194 19086 939525086 3187678723 0 0 0
1450064570256 cpu1 571629584 41069 67184704 2874507 1948 100663469 67110424 0 0 0
1450064570256 cpu2 537874131 33589880 134272945 2993207 1159 7476 33557713 0 0 0
1450064570256 cpu3 202120007 33844 33594801 3106962 845 5273 167774418 0 0 0
1450064570356 cpu  1983707987 33698186 302207698 16973891 23038 1040201304 3456121278 0 0 0
1450064570356 cpu0 672084252 33393 67155248 7999200 19086 939525086 3187678723 0 0 0
1450064570356 cpu1 571629591 41069 67184704 2874509 1948 100663469 67110424 0 0 0
1450064570356 cpu2 537874134 33589880 134272945 2993214 1159 7476 33557713 0 0 0
1450064570356 cpu3 202120010 33844 33594801 3106968 845 5273 167774418 0 0 0
1450064570455 cpu  1983708000 33698186 302207700 16973914 23038 1040201305 3456121279 0 0 0
1450064570455 cpu0 672084255 33393 67155249 7999206 19086 939525086 3187678724 0 0 0
1450064570455 cpu1 571629595 41069 67184704 2874514 1948 100663469 67110424 0 0 0
1450064570455 cpu2 537874138 33589880 134272946 2993218 1159 7477 33557713 0 0 0
1450064570455 cpu3 202120012 33844 33594801 3106976 845 5273 167774418 0 0 0
1450064570533 cpu  1983708009 33698187 302207700 16973931 23038 1040201305 3456121279 0 0 0
1450064570533 cpu0 672084256 33394 67155249 7999210 19086 939525086 3187678724 0 0 0
1450064570533 cpu1 571629597 41069 67184704 2874518 1948 100663469 67110424 0 0 0
1450064570533 cpu2 537874142 33589880 134272946 2993222 1159 7477 33557713 0 0 0
1450064570533 cpu3 202120014 33844 33594801 3106981 845 5273 167774418 0 0 0
1450064570628 cpu  1983708018 33698187 302207700 16973958 23038 1040201305 3456121279 0 0 0
1450064570628 cpu0 672084258 33394 67155249 7999216 19086 939525086 3187678724 0 0 0
1450064570628 cpu1 571629600 41069 67184704 2874525 1948 100663469 67110424 0 0 0
1450064570628 cpu2 537874143 33589880 134272946 2993230 1159 7477 33557713 0 0 0
1450064570628 cpu3 202120017 33844 33594801 3106987 845 5273 167774418 0 0 0
1450064570728 cpu  1983708044 33698187 302207702 16973963 23038 1040201305 3456121279 0 0 0
1450064570728 cpu0 672084263 33394 67155249 7999218 19086 939525086 3187678724 0 0 0
1450064570728 cpu1 571629606 41069 67184706 2874526 1948 100663469 67110424 0 0 0
1450064570728 cpu2 537874150 33589880 134272946 2993231 1159 7477 33557713 0 0 0
1450064570728 cpu3 202120025 33844 33594801 3106988 845 5273 167774418 0 0 0
1450064570827 cpu  1983708064 33698187 302207703 16973980 23038 1040201305 3456121279 0 0 0
1450064570827 cpu0 672084267 33394 67155249 7999223 19086 939525086 3187678724 0 0 0
1450064570827 cpu1 571629612 41069 67184707 2874529 1948 100663469 67110424 0 0 0
1450064570827 cpu2 537874154 33589880 134272946 2993237 1159 7477 33557713 0 0 0
1450064570827 cpu3 202120031 33844 33594801 3106991 845 5273 167774418 0 0 0
1450064570928 cpu  1983708075 33698187 302207705 16974005 23038 1040201305 3456121279 0 0 0
1450064570928 cpu0 672084270 33394 67155249 7999229 19086 939525086 3187678724 0 0 0
1450064570928 cpu1 571629614 41069 67184708 2874536 1948 100663469 67110424 0 0 0
1450064570928 cpu2 537874156 33589880 134272946 2993244 1159 7477 33557713 0 0 0
1450064570928 cpu3 202120035 33844 33594802 3106996 845 5273 167774418 0 0 0
1450064571010 cpu  1983708089 33698187 302207705 16974022 23038 1040201305 3456121279 0 0 0
1450064571010 cpu0 672084273 33394 67155249 7999233 19086 939525086 3187678724 0 0 0
1450064571010 cpu1 571629620 41069 67184708 2874538 1948 100663469 67110424 0 0 0
1450064571010 cpu2 537874160 33589880 134272946 2993248 1159 7477 33557713 0 0 0
1450064571010 cpu3 202120036 33844 33594802 3107003 845 5273 167774418 0 0 0
1450064571080 cpu  1983708094 33698187 302207705 16974044 23038 1040201305 3456121279 0 0 0
1450064571080 cpu0 672084274 33394 67155249 7999239 19086 939525086 3187678724 0 0 0
1450064571080 cpu1 571629623 41069 67184708 2874541 1948 100663469 67110424 0 0 0
1450064571080 cpu2 537874161 33589880 134272946 2993254 1159 7477 33557713 0 0 0
1450064571080 cpu3 202120036 33844 33594802 3107010 845 5273 167774418 0 0 0
1450064571183 cpu  1983708109 33698187 302207705 16974065 23038 1040201305 3456121279 0 0 0
1450064571183 cpu0 672084276 33394 67155249 7999245 19086 939525086 3187678724 0 0 0
1450064571183 cpu1 571629627 41069 67184708 2874546 1948 100663469 67110424 0 0 0
1450064571183 cpu2 537874165 33589880 134272946 2993259 1159 7477 33557713 0 0 0
1450064571183 cpu3 202120041 33844 33594802 3107015 845 5273 167774418 0 0 0
1450064571279 cpu  1983708121 33698187 302207706 16974091 23038 1040201305 3456121279 0 0 0
1450064571279 cpu0 672084279 33394 67155250 7999251 19086 939525086 3187678724 0 0 0
1450064571279 cpu1 571629635 41069 67184708 2874548 1948 100663469 67110424 0 0 0
1450064571279 cpu2 537874166 33589880 134272946 2993268 1159 7477 33557713 0 0 0
1450064571279 cpu3 202120041 33844 33594802 3107024 845 5273 167774418 0 0 0
1450064571379 cpu  1983708139 33698187 302207709 16974108 23038 1040201305 3456121279 0 0 0
1450064571379 cpu0 672084281 33394 67155251 7999257 19086 939525086 3187678724 0 0 0
1450064571379 cpu1 571629644 41069 67184708 2874548 1948 100663469 67110424 0 0 0
1450064571379 cpu2 537874168 33589880 134272948 2993274 1159 7477 33557713 0 0 0
1450064571379 cpu3 202120046 33844 33594802 3107029 845 5273 167774418 0 0 0
1450064571482 cpu  1983708155 33698187 302207710 16974127 23038 1040201305 3456121280 0 0 0
1450064571482 cpu0 672084284 33394 67155251 7999262 19086 939525086 3187678725 0 0 0
1450064571482 cpu1 571629651 41069 67184708 2874551 1948 100663469 67110424 0 0 0
1450064571482 cpu2 537874171 33589880 134272948 2993280 1159 7477 33557713 0 0 0
1450064571482 cpu3 202120049 33844 33594803 3107034 845 5273 167774418 0 0 0
1450064571565 cpu  1983708168 33698187 302207711 16974143 23038 1040201305 3456121280 0 0 0
1450064571565 cpu0 672084286 33394 67155251 7999267 19086 939525086 3187678725 0 0 0
1450064571565 cpu1 571629657 41069 67184708 2874552 1948 100663469 67110424 0 0 0
1450064571565 cpu2 537874174 33589880 134272949 2993284 1159 7477 33557713 0 0 0
1450064571565 cpu3 202120051 33844 33594803 3107040 845 5273 167774418 0 0 0
1450064571658 cpu  1983708187 33698187 302207711 16974159 23038 1040201305 3456121280 0 0 0
1450064571658 cpu0 672084288 33394 67155251 7999272 19086 939525086 3187678725 0 0 0
1450064571658 cpu1 571629666 41069 67184708 2874552 1948 100663469 67110424 0 0 0
1450064571658 cpu2 537874179 33589880 134272949 2993288 1159 7477 33557713 0 0 0
1450064571658 cpu3 202120054 33844 33594803 3107047 845 5273 167774418 0 0 0
1450064571732 cpu  1983708200 33698187 302207712 16974173 23038 1040201305 3456121280 0 0 0
1450064571732 cpu0 672084290 33394 67155251 7999277 19086 939525086 3187678725 0 0 0
1450064571732 cpu1 571629672 41069 67184708 2874554 1948 100663469 67110424 0 0 0
1450064571732 cpu2 537874183 33589880 134272949 2993291 1159 7477 33557713 0 0 0
1450064571732 cpu3 202120055 33844 33594804 3107051 845 5273 167774418 0 0 0
1450064571828 cpu  1983708214 33698187 302207713 16974194 23038 1040201305 3456121280 0 0 0
1450064571828 cpu0 672084292 33394 67155251 7999283 19086 939525086 3187678725 0 0 0
1450064571828 cpu1 571629678 41069 67184709 2874556 1948 100663469 67110424 0 0 0
1450064571828 cpu2 537874186 33589880 134272949 2993297 1159 7477 33557713 0 0 0
1450064571828 cpu3 202120058 33844 33594804 3107058 845 5273 167774418 0 0 0
1450064571928 cpu  1983708233 33698188 302207714 16974207 23038 1040201305 3456121280 0 0 0
1450064571928 cpu0 672084297 33394 67155251 7999286 19086 939525086 3187678725 0 0 0
1450064571928 cpu1 571629685 41070 67184709 2874557 1948 100663469 67110424 0 0 0
1450064571928 cpu2 537874189 33589880 134272950 2993302 1159 7477 33557713 0 0 0
1450064571928 cpu3 202120062 33844 33594804 3107062 845 5273 167774418 0 0 0
1450064572006 cpu  1983708251 33698189 302207714 16974216 23038 1040201305 3456121280 0 0 0
1450064572006 cpu0 672084300 33395 67155251 7999288 19086 939525086 3187678725 0 0 0
1450064572006 cpu1 571629691 41070 67184709 2874558 1948 100663469 67110424 0 0 0
1450064572006 cpu2 537874193 33589880 134272950 2993306 1159 7477 33557713 0 0 0
1450064572006 cpu3 202120067 33844 33594804 3107064 845 5273 167774418 0 0 0
1450064572098 cpu  1983708269 33698193 302207715 16974225 23038 1040201305 3456121280 0 0 0
1450064572098 cpu0 672084303 33395 67155251 7999292 19086 939525086 3187678725 0 0 0
1450064572098 cpu1 571629698 41071 67184709 2874558 1948 100663469 67110424 0 0 0
1450064572098 cpu2 537874197 33589882 134272950 2993308 1159 7477 33557713 0 0 0
1450064572098 cpu3 202120071 33845 33594805 3107067 845 5273 167774418 0 0 0
1450064572181 cpu  1983708283 33698197 302207718 16974232 23038 1040201305 3456121280 0 0 0
1450064572181 cpu0 672084306 33395 67155251 7999296 19086 939525086 3187678725 0 0 0
1450064572181 cpu1 571629704 41071 67184710 2874558 1948 100663469 67110424 0 0 0
1450064572181 cpu2 537874199 33589885 134272951 2993309 1159 7477 33557713 0 0 0
1450064572181 cpu3 202120074 33846 33594806 3107069 845 5273 167774418 0 0 0
1450064572273 cpu  1983708300 33698197 302207718 16974248 23038 1040201305 3456121280 0 0 0
1450064572273 cpu0 672084309 33395 67155251 7999301 19086 939525086 3187678725 0 0 0
1450064572273 cpu1 571629712 41071 67184710 2874559 1948 100663469 67110424 0 0 0
1450064572273 cpu2 537874202 33589885 134272951 2993314 1159 7477 33557713 0 0 0
1450064572273 cpu3 202120077 33846 33594806 3107074 845 5273 167774418 0 0 0
1450064572370 cpu  1983708312 33698197 302207718 16974275 23038 1040201305 3456121280 0 0 0
1450064572370 cpu0 672084310 33395 67155251 7999310 19086 939525086 3187678725 0 0 0
1450064572370 cpu1 571629715 41071 67184710 2874565 1948 100663469 67110424 0 0 0
1450064572370 cpu2 537874209 33589885 134272951 2993317 1159 7477 33557713 0 0 0
1450064572370 cpu3 202120078 33846 33594806 3107083 845 5273 167774418 0 0 0
1450064572454 cpu  1983708324 33698197 302207720 16974294 23038 1040201305 3456121280 0 0 0
1450064572454 cpu0 672084311 33395 67155251 7999316 19086 939525086 3187678725 0 0 0
1450064572454 cpu1 571629722 41071 67184710 2874567 1948 100663469 67110424 0 0 0
1450064572454 cpu2 537874212 33589885 134272952 2993321 1159 7477 33557713 0 0 0
1450064572454 cpu3 202120079 33846 33594807 3107090 845 5273 167774418 0 0 0
1450064572549 cpu  1983708333 33698202 302207721 16974315 23038 1040201305 3456121280 0 0 0
1450064572549 cpu0 672084312 33395 67155251 7999324 19086 939525086 3187678725 0 0 0
1450064572549 cpu1 571629727 41073 67184711 2874568 1948 100663469 67110424 0 0 0
1450064572549 cpu2 537874212 33589888 134272952 2993327 1159 7477 33557713 0 0 0
1450064572549 cpu3 202120082 33846 33594807 3107096 845 5273 167774418 0 0 0
1450064572627 cpu  1983708338 33698207 302207727 16974332 23038 1040201305 3456121280 0 0 0
1450064572627 cpu0 672084313 33395 67155252 7999330 19086 939525086 3187678725 0 0 0
1450064572627 cpu1 571629728 41077 67184712 2874571 1948 100663469 67110424 0 0 0
1450064572627 cpu2 537874214 33589889 134272955 2993329 1159 7477 33557713 0 0 0
1450064572627 cpu3 202120083 33846 33594808 3107102 845 5273 167774418 0 0 0
1450064572728 cpu  1983708338 33698207 302207727 16974370 23038 1040201305 3456121280 0 0 0
1450064572728 cpu0 672084313 33395 67155252 7999339 19086 939525086 3187678725 0 0 0
1450064572728 cpu1 571629728 41077 67184712 2874580 1948 100663469 67110424 0 0 0
1450064572728 cpu2 537874214 33589889 134272955 2993339 1159 7477 33557713 0 0 0
1450064572728 cpu3 202120083 33846 33594808 3107112 845 5273 167774418 0 0 0
1450064572807 cpu  1983708352 33698207 302207727 16974386 23038 1040201305 3456121280 0 0 0
1450064572807 cpu0 672084314 33395 67155252 7999345 19086 939525086 3187678725 0 0 0
1450064572807 cpu1 571629730 41077 67184712 2874586 1948 100663469 67110424 0 0 0
1450064572807 cpu2 537874218 33589889 134272955 2993342 1159 7477 33557713 0 0 0
1450064572807 cpu3 202120090 33846 33594808 3107113 845 5273 167774418 0 0 0
1450064572908 cpu  1983708370 33698207 302207727 16974404 23038 1040201305 3456121281 0 0 0
1450064572908 cpu0 672084317 33395 67155252 7999350 19086 939525086 3187678726 0 0 0
1450064572908 cpu1 571629734 41077 67184712 2874591 1948 100663469 67110424 0 0 0
1450064572908 cpu2 537874225 33589889 134272955 2993345 1159 7477 33557713 0 0 0
1450064572908 cpu3 202120094 33846 33594808 3107118 845 5273 167774418 0 0 0
1450064573005 cpu  1983708386 33698207 302207728 16974422 23038 1040201305 3456121281 0 0 0
1450064573005 cpu0 672084319 33395 67155252 7999355 19086 939525086 3187678726 0 0 0
1450064573005 cpu1 571629742 41077 67184712 2874592 1948 100663469 67110424 0 0 0
1450064573005 cpu2 537874227 33589889 134272956 2993352 1159 7477 33557713 0 0 0
1450064573005 cpu3 202120098 33846 33594808 3107123 845 5273 167774418 0 0 0
1450064573106 cpu  1983708403 33698207 302207730 16974443 23038 1040201305 3456121281 0 0 0
1450064573106 cpu0 672084321 33395 67155252 7999363 19086 939525086 3187678726 0 0 0
1450064573106 cpu1 571629752 41077 67184712 2874592 1948 100663469 67110424 0 0 0
1450064573106 cpu2 537874229 33589889 134272957 2993359 1159 7477 33557713 0 0 0
1450064573106 cpu3 202120101 33846 33594809 3107129 845 5273 167774418 0 0 0
1450064573193 cpu  1983708411 33698210 302207730 16974463 23038 1040201305 3456121281 0 0 0
1450064573193 cpu0 672084321 33398 67155252 7999368 19086 939525086 3187678726 0 0 0
1450064573193 cpu1 571629760 41077 67184712 2874592 1948 100663469 67110424 0 0 0
1450064573193 cpu2 537874229 33589889 134272957 2993366 1159 7477 33557713 0 0 0
1450064573193 cpu3 202120101 33846 33594809 3107137 845 5273 167774418 0 0 0
1450064573288 cpu  1983708427 33698212 302207730 16974484 23038 1040201305 3456121281 0 0 0
1450064573288 cpu0 672084323 33398 67155252 7999375 19086 939525086 3187678726 0 0 0
1450064573288 cpu1 571629769 41077 67184712 2874593 1948 100663469 67110424 0 0 0
1450064573288 cpu2 537874232 33589891 134272957 2993371 1159 7477 33557713 0 0 0
1450064573288 cpu3 202120103 33846 33594809 3107145 845 5273 167774418 0 0 0
1450064573391 cpu  1983708443 33698212 302207730 16974507 23038 1040201305 3456121281 0 0 0
1450064573391 cpu0 672084327 33398 67155252 7999380 19086 939525086 3187678726 0 0 0
1450064573391 cpu1 571629774 41077 67184712 2874598 1948 100663469 67110424 0 0 0
1450064573391 cpu2 537874237 33589891 134272957 2993376 1159 7477 33557713 0 0 0
1450064573391 cpu3 202120105 33846 33594809 3107153 845 5273 167774418 0 0 0
1450064573494 cpu  1983708459 33698212 302207731 16974530 23038 1040201305 3456121281 0 0 0
1450064573494 cpu0 672084329 33398 67155252 7999387 19086 939525086 3187678726 0 0 0
1450064573494 cpu1 571629781 41077 67184712 2874601 1948 100663469 67110424 0 0 0
1450064573494 cpu2 537874240 33589891 134272958 2993383 1159 7477 33557713 0 0 0
1450064573494 cpu3 202120109 33846 33594809 3107159 845 5273 167774418 0 0 0
1450064573588 cpu  1983708477 33698218 302207731 16974539 23038 1040201305 3456121281 0 0 0
1450064573588 cpu0 672084333 33399 67155252 7999390 19086 939525086 3187678726 0 0 0
1450064573588 cpu1 571629786 41081 67184712 2874601 1948 100663469 67110424 0 0 0
1450064573588 cpu2 537874244 33589892 134272958 2993386 1159 7477 33557713 0 0 0
1450064573588 cpu3 202120114 33846 33594809 3107162 845 5273 167774418 0 0 0
1450064573688 cpu  1983708495 33698218 302207731 16974556 23038 1040201306 3456121282 0 0 0
1450064573688 cpu0 672084336 33399 67155252 7999395 19086 939525086 3187678727 0 0 0
1450064573688 cpu1 571629795 41081 67184712 2874601 1948 100663469 67110424 0 0 0
1450064573688 cpu2 537874247 33589892 134272958 2993392 1159 7477 33557713 0 0 0
1450064573688 cpu3 202120117 33846 33594809 3107168 845 5274 167774418 0 0 0
1450064573788 cpu  1983708517 33698218 302207731 16974568 23038 1040201306 3456121282 0 0 0
1450064573788 cpu0 672084341 33399 67155252 7999398 19086 939525086 3187678727 0 0 0
1450064573788 cpu1 571629801 41081 67184712 2874603 1948 100663469 67110424 0 0 0
1450064573788 cpu2 537874251 33589892 134272958 2993397 1159 7477 33557713 0 0 0
1450064573788 cpu3 202120124 33846 33594809 3107170 845 5274 167774418 0 0 0
1450064573877 cpu  1983708536 33698218 302207735 16974576 23042 1040201306 3456121282 0 0 0
1450064573877 cpu0 672084343 33399 67155253 7999399 19090 939525086 3187678727 0 0 0
1450064573877 cpu1 571629809 41081 67184713 2874603 1948 100663469 67110424 0 0 0
1450064573877 cpu2 537874257 33589892 134272959 2993399 1159 7477 33557713 0 0 0
1450064573877 cpu3 202120127 33846 33594810 3107175 845 5274 167774418 0 0 0
1450064573978 cpu  1983708549 33698218 302207736 16974600 23043 1040201306 3456121282 0 0 0
1450064573978 cpu0 672084344 33399 67155253 7999406 19091 939525086 3187678727 0 0 0
1450064573978 cpu1 571629819 41081 67184713 2874603 1948 100663469 67110424 0 0 0
1450064573978 cpu2 537874258 33589892 134272959 2993407 1159 7477 33557713 0 0 0
1450064573978 cpu3 202120128 33846 33594811 3107184 845 5274 167774418 0 0 0
1450064574078 cpu  1983708567 33698218 302207737 16974618 23043 1040201306 3456121282 0 0 0
1450064574078 cpu0 672084346 33399 67155253 7999413 19091 939525086 3187678727 0 0 0
1450064574078 cpu1 571629828 41081 67184714 2874603 1948 100663469 67110424 0 0 0
1450064574078 cpu2 537874262 33589892 134272959 2993413 1159 7477 33557713 0 0 0
1450064574078 cpu3 202120131 33846 33594811 3107189 845 5274 167774418 0 0 0
1450064574178 cpu  1983708585 33698218 302207738 16974637 23043 1040201306 3456121282 0 0 0
1450064574178 cpu0 672084348 33399 67155253 7999420 19091 939525086 3187678727 0 0 0
1450064574178 cpu1 571629837 41081 67184714 2874603 1948 100663469 67110424 0 0 0
1450064574178 cpu2 537874265 33589892 134272960 2993419 1159 7477 33557713 0 0 0
1450064574178 cpu3 202120135 33846 33594811 3107195 845 5274 167774418 0 0 0
1450064574278 cpu  1983708601 33698218 302207740 16974652 23043 1040201306 3456121282 0 0 0
1450064574278 cpu0 672084350 33399 67155253 7999424 19091 939525086 3187678727 0 0 0
1450064574278 cpu1 571629845 41081 67184715 2874603 1948 100663469 67110424 0 0 0
1450064574278 cpu2 537874269 33589892 134272960 2993424 1159 7477 33557713 0 0 0
1450064574278 cpu3 202120137 33846 33594812 3107201 845 5274 167774418 0 0 0
1450064574378 cpu  1983708618 33698228 302207741 16974663 23043 1040201306 3456121282 0 0 0
1450064574378 cpu0 672084352 33401 67155254 7999428 19091 939525086 3187678727 0 0 0
1450064574378 cpu1 571629855 41081 67184715 2874603 1948 100663469 67110424 0 0 0
1450064574378 cpu2 537874271 33589895 134272960 2993429 1159 7477 33557713 0 0 0
1450064574378 cpu3 202120140 33851 33594812 3107203 845 5274 167774418 0 0 0
1450064574479 cpu  1983708632 33698228 302207741 16974684 23043 1040201306 3456121282 0 0 0
1450064574479 cpu0 672084354 33401 67155254 7999434 19091 939525086 3187678727 0 0 0
1450064574479 cpu1 571629864 41081 67184715 2874603 1948 100663469 67110424 0 0 0
1450064574479 cpu2 537874273 33589895 134272960 2993436 1159 7477 33557713 0 0 0
1450064574479 cpu3 202120141 33851 33594812 3107211 845 5274 167774418 0 0 0
1450064574553 cpu  1983708646 33698228 302207743 16974695 23043 1040201306 3456121282 0 0 0
1450064574553 cpu0 672084357 33401 67155254 7999438 19091 939525086 3187678727 0 0 0
1450064574553 cpu1 571629870 41081 67184716 2874603 1948 100663469 67110424 0 0 0
1450064574553 cpu2 537874276 33589895 134272960 2993440 1159 7477 33557713 0 0 0
1450064574553 cpu3 202120143 33851 33594813 3107214 845 5274 167774418 0 0 0
1450064574654 cpu  1983708665 33698232 302207745 16974704 23045 1040201307 3456121282 0 0 0
1450064574654 cpu0 672084360 33402 67155254 7999439 19092 939525086 3187678727 0 0 0
1450064574654 cpu1 571629877 41082 67184717 2874604 1948 100663469 67110424 0 0 0
1450064574654 cpu2 537874280 33589896 134272961 2993443 1160 7478 33557713 0 0 0
1450064574654 cpu3 202120148 33852 33594813 3107218 845 5274 167774418 0 0 0
1450064574755 cpu  1983708680 33698232 302207745 16974727 23045 1040201307 3456121282 0 0 0
1450064574755 cpu0 672084361 33402 67155254 7999447 19092 939525086 3187678727 0 0 0
1450064574755 cpu1 571629886 41082 67184717 2874605 1948 100663469 67110424 0 0 0
1450064574755 cpu2 537874283 33589896 134272961 2993449 1160 7478 33557713 0 0 0
1450064574755 cpu3 202120150 33852 33594813 3107226 845 5274 167774418 0 0 0
1450064574856 cpu  1983708707 33698232 302207747 16974736 23045 1040201307 3456121282 0 0 0
1450064574856 cpu0 672084365 33402 67155255 7999450 19092 939525086 3187678727 0 0 0
1450064574856 cpu1 571629894 41082 67184718 2874606 1948 100663469 67110424 0 0 0
1450064574856 cpu2 537874290 33589896 134272961 2993452 1160 7478 33557713 0 0 0
1450064574856 cpu3 202120158 33852 33594813 3107228 845 5274 167774418 0 0 0
1450064574939 cpu  1983708719 33698234 302207747 16974751 23045 1040201307 3456121282 0 0 0
1450064574939 cpu0 672084367 33402 67155255 7999456 19092 939525086 3187678727 0 0 0
1450064574939 cpu1 571629900 41083 67184718 2874606 1948 100663469 67110424 0 0 0
1450064574939 cpu2 537874291 33589897 134272961 2993457 1160 7478 33557713 0 0 0
1450064574939 cpu3 202120161 33852 33594813 3107232 845 5274 167774418 0 0 0
1450064575040 cpu  1983708732 33698234 302207749 16974774 23045 1040201307 3456121282 0 0 0
1450064575040 cpu0 672084369 33402 67155255 7999463 19092 939525086 3187678727 0 0 0
1450064575040 cpu1 571629908 41083 67184719 2874607 1948 100663469 67110424 0 0 0
1450064575040 cpu2 537874293 33589897 134272962 2993463 1160 7478 33557713 0 0 0
1450064575040 cpu3 202120162 33852 33594813 3107241 845 5274 167774418 0 0 0
1450064575124 cpu  1983708746 33698236 302207751 16974786 23045 1040201307 3456121282 0 0 0
1450064575124 cpu0 672084372 33402 67155256 7999466 19092 939525086 3187678727 0 0 0
1450064575124 cpu1 571629912 41085 67184720 2874607 1948 100663469 67110424 0 0 0
1450064575124 cpu2 537874296 33589897 134272962 2993469 1160 7478 33557713 0 0 0
1450064575124 cpu3 202120166 33852 33594813 3107244 845 5274 167774418 0 0 0
1450064575225 cpu  1983708763 33698240 302207752 16974803 23045 1040201307 3456121282 0 0 0
1450064575225 cpu0 672084374 33403 67155256 7999473 19092 939525086 3187678727 0 0 0
1450064575225 cpu1 571629922 41085 67184720 2874607 1948 100663469 67110424 0 0 0
1450064575225 cpu2 537874299 33589898 134272962 2993474 1160 7478 33557713 0 0 0
1450064575225 cpu3 202120168 33854 33594814 3107249 845 5274 167774418 0 0 0
1450064575325 cpu  1983708779 33698240 302207754 16974825 23045 1040201307 3456121282 0 0 0
1450064575325 cpu0 672084375 33403 67155257 7999480 19092 939525086 3187678727 0 0 0
1450064575325 cpu1 571629932 41085 67184720 2874607 1948 100663469 67110424 0 0 0
1450064575325 cpu2 537874303 33589898 134272963 2993480 1160 7478 33557713 0 0 0
1450064575325 cpu3 202120169 33854 33594814 3107258 845 5274 167774418 0 0 0
1450064575427 cpu  1983708802 33698240 302207755 16974839 23045 1040201307 3456121282 0 0 0
1450064575427 cpu0 672084376 33403 67155257 7999487 19092 939525086 3187678727 0 0 0
1450064575427 cpu1 571629941 41085 67184721 2874607 1948 100663469 67110424 0 0 0
1450064575427 cpu2 537874308 33589898 134272963 2993485 1160 7478 33557713 0 0 0
1450064575427 cpu3 202120177 33854 33594814 3107260 845 5274 167774418 0 0 0
1450064575527 cpu  1983708816 33698242 302207755 16974861 23045 1040201307 3456121282 0 0 0
1450064575527 cpu0 672084378 33403 67155257 7999494 19092 939525086 3187678727 0 0 0
1450064575527 cpu1 571629950 41086 67184721 2874607 1948 100663469 67110424 0 0 0
1450064575527 cpu2 537874310 33589898 134272963 2993492 1160 7478 33557713 0 0 0
1450064575527 cpu3 202120178 33855 33594814 3107268 845 5274 167774418 0 0 0
1450064575629 cpu  1983708836 33698242 302207755 16974880 23045 1040201307 3456121282 0 0 0
1450064575629 cpu0 672084381 33403 67155257 7999501 19092 939525086 3187678727 0 0 0
1450064575629 cpu1 571629958 41086 67184721 2874608 1948 100663469 67110424 0 0 0
1450064575629 cpu2 537874316 33589898 134272963 2993496 1160 7478 33557713 0 0 0
1450064575629 cpu3 202120181 33855 33594814 3107275 845 5274 167774418 0 0 0
1450064575728 cpu  1983708849 33698242 302207755 16974904 23045 1040201307 3456121282 0 0 0
1450064575728 cpu0 672084382 33403 67155257 7999509 19092 939525086 3187678727 0 0 0
1450064575728 cpu1 571629968 41086 67184721 2874608 1948 100663469 67110424 0 0 0
1450064575728 cpu2 537874317 33589898 134272963 2993504 1160 7478 33557713 0 0 0
1450064575728 cpu3 202120182 33855 33594814 3107283 845 5274 167774418 0 0 0
1450064575828 cpu  1983708862 33698242 302207757 16974927 23045 1040201307 3456121282 0 0 0
1450064575828 cpu0 672084384 33403 67155257 7999516 19092 939525086 3187678727 0 0 0
1450064575828 cpu1 571629975 41086 67184722 2874609 1948 100663469 67110424 0 0 0
1450064575828 cpu2 537874319 33589898 134272963 2993512 1160 7478 33557713 0 0 0
1450064575828 cpu3 202120184 33855 33594815 3107290 845 5274 167774418 0 0 0
1450064575929 cpu  1983708883 33698249 302207758 16974934 23045 1040201307 3456121282 0 0 0
1450064575929 cpu0 672084388 33405 67155257 7999518 19092 939525086 3187678727 0 0 0
1450064575929 cpu1 571629983 41087 67184723 2874609 1948 100663469 67110424 0 0 0
1450064575929 cpu2 537874324 33589902 134272963 2993513 1160 7478 33557713 0 0 0
1450064575929 cpu3 202120188 33855 33594815 3107294 845 5274 167774418 0 0 0
1450064576028 cpu  1983708900 33698254 302207758 16974947 23045 1040201307 3456121282 0 0 0
1450064576028 cpu0 672084391 33407 67155257 7999522 19092 939525086 3187678727 0 0 0
1450064576028 cpu1 571629991 41087 67184723 2874609 1948 100663469 67110424 0 0 0
1450064576028 cpu2 537874326 33589904 134272963 2993517 1160 7478 33557713 0 0 0
1450064576028 cpu3 202120192 33856 33594815 3107299 845 5274 167774418 0 0 0
1450064576121 cpu  1983708916 33698255 302207758 16974965 23045 1040201307 3456121282 0 0 0
1450064576121 cpu0 672084394 33407 67155257 7999528 19092 939525086 3187678727 0 0 0
1450064576121 cpu1 571630000 41087 67184723 2874610 1948 100663469 67110424 0 0 0
1450064576121 cpu2 537874328 33589905 134272963 2993522 1160 7478 33557713 0 0 0
1450064576121 cpu3 202120194 33856 33594815 3107305 845 5274 167774418 0 0 0
1450064576221 cpu  1983708936 33698255 302207758 16974983 23045 1040201307 3456121282 0 0 0
1450064576221 cpu0 672084398 33407 67155257 7999533 19092 939525086 3187678727 0 0 0
1450064576221 cpu1 571630008 41087 67184723 2874612 1948 100663469 67110424 0 0 0
1450064576221 cpu2 537874333 33589905 134272963 2993527 1160 7478 33557713 0 0 0
1450064576221 cpu3 202120197 33856 33594815 3107311 845 5274 167774418 0 0 0
1450064576322 cpu  1983708958 33698260 302207758 16974991 23045 1040201307 3456121282 0 0 0
1450064576322 cpu0 672084403 33407 67155257 7999535 19092 939525086 3187678727 0 0 0
1450064576322 cpu1 571630015 41089 67184723 2874612 1948 100663469 67110424 0 0 0
1450064576322 cpu2 537874337 33589907 134272963 2993530 1160 7478 33557713 0 0 0
1450064576322 cpu3 202120203 33857 33594815 3107314 845 5274 167774418 0 0 0
1450064576423 cpu  1983708976 33698261 302207759 16975007 23045 1040201307 3456121282 0 0 0
1450064576423 cpu0 672084406 33407 67155257 7999540 19092 939525086 3187678727 0 0 0
1450064576423 cpu1 571630021 41089 67184723 2874615 1948 100663469 67110424 0 0 0
1450064576423 cpu2 537874342 33589908 134272963 2993533 1160 7478 33557713 0 0 0
1450064576423 cpu3 202120207 33857 33594816 3107319 845 5274 167774418 0 0 0
1450064576523 cpu  1983708984 33698263 302207759 16975034 23045 1040201307 3456121282 0 0 0
1450064576523 cpu0 672084408 33407 67155257 7999548 19092 939525086 3187678727 0 0 0
1450064576523 cpu1 571630022 41089 67184723 2874623 1948 100663469 67110424 0 0 0
1450064576523 cpu2 537874347 33589910 134272963 2993535 1160 7478 33557713 0 0 0
1450064576523 cpu3 202120207 33857 33594816 3107328 845 5274 167774418 0 0 0
1450064576615 cpu  1983708995 33698265 302207760 16975059 23045 1040201307 3456121282 0 0 0
1450064576615 cpu0 672084409 33408 67155257 7999555 19092 939525086 3187678727 0 0 0
1450064576615 cpu1 571630023 41090 67184723 2874631 1948 100663469 67110424 0 0 0
1450064576615 cpu2 537874353 33589910 134272964 2993538 1160 7478 33557713 0 0 0
1450064576615 cpu3 202120210 33857 33594816 3107335 845 5274 167774418 0 0 0
1450064576717 cpu  1983709005 33698265 302207760 16975085 23045 1040201307 3456121282 0 0 0
1450064576717 cpu0 672084411 33408 67155257 7999561 19092 939525086 3187678727 0 0 0
1450064576717 cpu1 571630025 41090 67184723 2874638 1948 100663469 67110424 0 0 0
1450064576717 cpu2 537874359 33589910 134272964 2993542 1160 7478 33557713 0 0 0
1450064576717 cpu3 202120210 33857 33594816 3107344 845 5274 167774418 0 0 0
1450064576818 cpu  1983709018 33698265 302207760 16975111 23045 1040201307 3456121283 0 0 0
1450064576818 cpu0 672084413 33408 67155257 7999568 19092 939525086 3187678728 0 0 0
1450064576818 cpu1 571630029 41090 67184723 2874643 1948 100663469 67110424 0 0 0
1450064576818 cpu2 537874363 33589910 134272964 2993548 1160 7478 33557713 0 0 0
1450064576818 cpu3 202120213 33857 33594816 3107352 845 5274 167774418 0 0 0
1450064576918 cpu  1983709038 33698265 302207761 16975127 23045 1040201307 3456121283 0 0 0
1450064576918 cpu0 672084417 33408 67155257 7999573 19092 939525086 3187678728 0 0 0
1450064576918 cpu1 571630035 41090 67184723 2874647 1948 100663469 67110424 0 0 0
1450064576918 cpu2 537874367 33589910 134272965 2993552 1160 7478 33557713 0 0 0
1450064576918 cpu3 202120219 33857 33594816 3107355 845 5274 167774418 0 0 0
1450064577018 cpu  1983709051 33698268 302207763 16975145 23045 1040201307 3456121283 0 0 0
1450064577018 cpu0 672084419 33408 67155257 7999579 19092 939525086 3187678728 0 0 0
1450064577018 cpu1 571630042 41092 67184723 2874647 1948 100663469 67110424 0 0 0
1450064577018 cpu2 537874369 33589911 134272966 2993558 1160 7478 33557713 0 0 0
1450064577018 cpu3 202120221 33857 33594817 3107361 845 5274 167774418 0 0 0
1450064577119 cpu  1983709071 33698275 302207763 16975155 23045 1040201307 3456121283 0 0 0
1450064577119 cpu0 672084424 33408 67155257 7999582 19092 939525086 3187678728 0 0 0
1450064577119 cpu1 571630049 41095 67184723 2874647 1948 100663469 67110424 0 0 0
1450064577119 cpu2 537874372 33589914 134272966 2993561 1160 7478 33557713 0 0 0
1450064577119 cpu3 202120226 33858 33594817 3107365 845 5274 167774418 0 0 0
1450064577218 cpu  1983709086 33698277 302207763 16975176 23045 1040201307 3456121283 0 0 0
1450064577218 cpu0 672084426 33408 67155257 7999589 19092 939525086 3187678728 0 0 0
1450064577218 cpu1 571630055 41096 67184723 2874649 1948 100663469 67110424 0 0 0
1450064577218 cpu2 537874376 33589915 134272966 2993566 1160 7478 33557713 0 0 0
1450064577218 cpu3 202120229 33858 33594817 3107372 845 5274 167774418 0 0 0
1450064577291 cpu  1983709101 33698282 302207764 16975179 23045 1040201307 3456121283 0 0 0
1450064577291 cpu0 672084428 33409 67155258 7999590 19092 939525086 3187678728 0 0 0
1450064577291 cpu1 571630061 41097 67184723 2874649 1948 100663469 67110424 0 0 0
1450064577291 cpu2 537874379 33589917 134272966 2993567 1160 7478 33557713 0 0 0
1450064577291 cpu3 202120233 33859 33594817 3107373 845 5274 167774418 0 0 0
1450064577389 cpu  1983709116 33698284 302207764 16975197 23046 1040201307 3456121283 0 0 0
1450064577389 cpu0 672084431 33409 67155258 7999595 19093 939525086 3187678728 0 0 0
1450064577389 cpu1 571630064 41099 67184723 2874653 1948 100663469 67110424 0 0 0
1450064577389 cpu2 537874383 33589917 134272966 2993572 1160 7478 33557713 0 0 0
1450064577389 cpu3 202120238 33859 33594817 3107377 845 5274 167774418 0 0 0
1450064577489 cpu  1983709135 33698284 302207764 16975215 23046 1040201307 3456121284 0 0 0
1450064577489 cpu0 672084433 33409 67155258 7999601 19093 939525086 3187678729 0 0 0
1450064577489 cpu1 571630074 41099 67184723 2874653 1948 100663469 67110424 0 0 0
1450064577489 cpu2 537874387 33589917 134272966 2993577 1160 7478 33557713 0 0 0
1450064577489 cpu3 202120241 33859 33594817 3107384 845 5274 167774418 0 0 0
1450064577564 cpu  1983709152 33698284 302207766 16975225 23046 1040201307 3456121284 0 0 0
1450064577564 cpu0 672084435 33409 67155258 7999605 19093 939525086 3187678729 0 0 0
1450064577564 cpu1 571630079 41099 67184724 2874655 1948 100663469 67110424 0 0 0
1450064577564 cpu2 537874392 33589917 134272967 2993579 1160 7478 33557713 0 0 0
1450064577564 cpu3 202120246 33859 33594817 3107386 845 5274 167774418 0 0 0
1450064577658 cpu  1983709170 33698284 302207766 16975239 23047 1040201307 3456121284 0 0 0
1450064577658 cpu0 672084438 33409 67155258 7999608 19093 939525086 3187678729 0 0 0
1450064577658 cpu1 571630086 41099 67184724 2874657 1949 100663469 67110424 0 0 0
1450064577658 cpu2 537874397 33589917 134272967 2993583 1160 7478 33557713 0 0 0
1450064577658 cpu3 202120249 33859 33594817 3107391 845 5274 167774418 0 0 0
1450064577758 cpu  1983709190 33698285 302207767 16975252 23047 1040201307 3456121284 0 0 0
1450064577758 cpu0 672084441 33410 67155258 7999613 19093 939525086 3187678729 0 0 0
1450064577758 cpu1 571630093 41099 67184724 2874658 1949 100663469 67110424 0 0 0
1450064577758 cpu2 537874402 33589917 134272967 2993586 1160 7478 33557713 0 0 0
1450064577758 cpu3 202120254 33859 33594818 3107395 845 5274 167774418 0 0 0
1450064577858 cpu  1983709209 33698287 302207767 16975269 23047 1040201307 3456121284 0 0 0
1450064577858 cpu0 672084444 33410 67155258 7999618 19093 939525086 3187678729 0 0 0
1450064577858 cpu1 571630100 41100 67184724 2874660 1949 100663469 67110424 0 0 0
1450064577858 cpu2 537874407 33589918 134272967 2993591 1160 7478 33557713 0 0 0
1450064577858 cpu3 202120258 33859 33594818 3107400 845 5274 167774418 0 0 0
1450064577958 cpu  1983709226 33698288 302207767 16975286 23047 1040201307 3456121284 0 0 0
1450064577958 cpu0 672084446 33410 67155258 7999624 19093 939525086 3187678729 0 0 0
1450064577958 cpu1 571630107 41100 67184724 2874662 1949 100663469 67110424 0 0 0
1450064577958 cpu2 537874411 33589918 134272967 2993596 1160 7478 33557713 0 0 0
1450064577958 cpu3 202120262 33860 33594818 3107404 845 5274 167774418 0 0 0
1450064578058 cpu  1983709242 33698288 302207768 16975308 23047 1040201308 3456121284 0 0 0
1450064578058 cpu0 672084449 33410 67155258 7999630 19093 939525086 3187678729 0 0 0
1450064578058 cpu1 571630116 41100 67184724 2874663 1949 100663469 67110424 0 0 0
1450064578058 cpu2 537874413 33589918 134272967 2993603 1160 7478 33557713 0 0 0
1450064578058 cpu3 202120264 33860 33594819 3107412 845 5275 167774418 0 0 0
1450064578158 cpu  1983709258 33698288 302207768 16975330 23047 1040201308 3456121284 0 0 0
1450064578158 cpu0 672084449 33410 67155258 7999639 19093 939525086 3187678729 0 0 0
1450064578158 cpu1 571630126 41100 67184724 2874663 1949 100663469 67110424 0 0 0
1450064578158 cpu2 537874416 33589918 134272967 2993610 1160 7478 33557713 0 0 0
1450064578158 cpu3 202120267 33860 33594819 3107418 845 5275 167774418 0 0 0
1450064578258 cpu  1983709270 33698288 302207768 16975358 23047 1040201308 3456121284 0 0 0
1450064578258 cpu0 672084450 33410 67155258 7999648 19093 939525086 3187678729 0 0 0
1450064578258 cpu1 571630136 41100 67184724 2874663 1949 100663469 67110424 0 0 0
1450064578258 cpu2 537874417 33589918 134272967 2993619 1160 7478 33557713 0 0 0
1450064578258 cpu3 202120267 33860 33594819 3107428 845 5275 167774418 0 0 0
1450064578358 cpu  1983709288 33698288 302207768 16975377 23047 1040201308 3456121284 0 0 0
1450064578358 cpu0 672084452 33410 67155258 7999655 19093 939525086 3187678729 0 0 0
1450064578358 cpu1 571630145 41100 67184724 2874663 1949 100663469 67110424 0 0 0
1450064578358 cpu2 537874420 33589918 134272967 2993625 1160 7478 33557713 0 0 0
1450064578358 cpu3 202120271 33860 33594819 3107434 845 5275 167774418 0 0 0
1450064578458 cpu  1983709306 33698291 302207769 16975393 23047 1040201308 3456121284 0 0 0
1450064578458 cpu0 672084455 33410 67155258 7999661 19093 939525086 3187678729 0 0 0
1450064578458 cpu1 571630154 41100 67184724 2874663 1949 100663469 67110424 0 0 0
1450064578458 cpu2 537874424 33589918 134272968 2993630 1160 7478 33557713 0 0 0
1450064578458 cpu3 202120273 33863 33594819 3107439 845 5275 167774418 0 0 0
1450064578558 cpu  1983709331 33698293 302207769 16975401 23047 1040201308 3456121284 0 0 0
1450064578558 cpu0 672084461 33411 67155258 7999663 19093 939525086 3187678729 0 0 0
1450064578558 cpu1 571630163 41100 67184724 2874663 1949 100663469 67110424 0 0 0
1450064578558 cpu2 537874430 33589919 134272968 2993632 1160 7478 33557713 0 0 0
1450064578558 cpu3 202120277 33863 33594819 3107443 845 5275 167774418 0 0 0
1450064578658 cpu  1983709357 33698295 302207772 16975404 23047 1040201308 3456121284 0 0 0
1450064578658 cpu0 672084465 33413 67155259 7999663 19093 939525086 3187678729 0 0 0
1450064578658 cpu1 571630171 41100 67184725 2874663 1949 100663469 67110424 0 0 0
1450064578658 cpu2 537874437 33589919 134272969 2993633 1160 7478 33557713 0 0 0
1450064578658 cpu3 202120284 33863 33594819 3107445 845 5275 167774418 0 0 0
1450064578758 cpu  1983709380 33698297 302207773 16975408 23047 1040201308 3456121284 0 0 0
1450064578758 cpu0 672084471 33414 67155259 7999663 19093 939525086 3187678729 0 0 0
1450064578758 cpu1 571630177 41100 67184726 2874663 1949 100663469 67110424 0 0 0
1450064578758 cpu2 537874444 33589920 134272969 2993633 1160 7478 33557713 0 0 0
1450064578758 cpu3 202120288 33863 33594819 3107449 845 5275 167774418 0 0 0
1450064578858 cpu  1983709407 33698299 302207775 16975412 23047 1040201309 3456121284 0 0 0
1450064578858 cpu0 672084477 33415 67155259 7999663 19093 939525086 3187678729 0 0 0
1450064578858 cpu1 571630185 41101 67184727 2874664 1949 100663469 67110424 0 0 0
1450064578858 cpu2 537874452 33589920 134272970 2993633 1160 7479 33557713 0 0 0
1450064578858 cpu3 202120293 33863 33594819 3107452 845 5275 167774418 0 0 0
1450064578958 cpu  1983709434 33698299 302207775 16975419 23048 1040201309 3456121284 0 0 0
1450064578958 cpu0 672084483 33415 67155259 7999665 19094 939525086 3187678729 0 0 0
1450064578958 cpu1 571630194 41101 67184727 2874664 1949 100663469 67110424 0 0 0
1450064578958 cpu2 537874460 33589920 134272970 2993634 1160 7479 33557713 0 0 0
1450064578958 cpu3 202120297 33863 33594819 3107456 845 5275 167774418 0 0 0
1450064579056 cpu  1983709457 33698299 302207775 16975431 23048 1040201309 3456121284 0 0 0
1450064579056 cpu0 672084488 33415 67155259 7999668 19094 939525086 3187678729 0 0 0
1450064579056 cpu1 571630201 41101 67184727 2874665 1949 100663469 67110424 0 0 0
1450064579056 cpu2 537874468 33589920 134272970 2993635 1160 7479 33557713 0 0 0
1450064579056 cpu3 202120300 33863 33594819 3107463 845 5275 167774418 0 0 0
1450064579158 cpu  1983709480 33698299 302207777 16975448 23048 1040201309 3456121284 0 0 0
1450064579158 cpu0 672084494 33415 67155259 7999672 19094 939525086 3187678729 0 0 0
1450064579158 cpu1 571630209 41101 67184727 2874668 1949 100663469 67110424 0 0 0
1450064579158 cpu2 537874474 33589920 134272971 2993638 1160 7479 33557713 0 0 0
1450064579158 cpu3 202120303 33863 33594820 3107470 845 5275 167774418 0 0 0
1450064579258 cpu  1983709503 33698299 302207778 16975463 23048 1040201309 3456121284 0 0 0
1450064579258 cpu0 672084501 33415 67155260 7999674 19094 939525086 3187678729 0 0 0
1450064579258 cpu1 571630218 41101 67184727 2874669 1949 100663469 67110424 0 0 0
1450064579258 cpu2 537874478 33589920 134272971 2993643 1160 7479 33557713 0 0 0
1450064579258 cpu3 202120306 33863 33594820 3107477 845 5275 167774418 0 0 0
1450064579358 cpu  1983709529 33698299 302207779 16975473 23048 1040201309 3456121284 0 0 0
1450064579358 cpu0 672084510 33415 67155260 7999675 19094 939525086 3187678729 0 0 0
1450064579358 cpu1 571630227 41101 67184727 2874669 1949 100663469 67110424 0 0 0
1450064579358 cpu2 537874483 33589920 134272972 2993647 1160 7479 33557713 0 0 0
1450064579358 cpu3 202120309 33863 33594820 3107482 845 5275 167774418 0 0 0
1450064579458 cpu  1983709556 33698299 302207780 16975482 23048 1040201309 3456121284 0 0 0
1450064579458 cpu0 672084518 33415 67155260 7999675 19094 939525086 3187678729 0 0 0
1450064579458 cpu1 571630236 41101 67184727 2874670 1949 100663469 67110424 0 0 0
1450064579458 cpu2 537874488 33589920 134272973 2993651 1160 7479 33557713 0 0 0
1450064579458 cpu3 202120314 33863 33594820 3107486 845 5275 167774418 0 0 0
1450064579557 cpu  1983709578 33698300 302207780 16975491 23048 1040201309 3456121284 0 0 0
1450064579557 cpu0 672084523 33415 67155260 7999677 19094 939525086 3187678729 0 0 0
1450064579557 cpu1 571630244 41101 67184727 2874670 1949 100663469 67110424 0 0 0
1450064579557 cpu2 537874493 33589920 134272973 2993654 1160 7479 33557713 0 0 0
1450064579557 cpu3 202120318 33864 33594820 3107490 845 5275 167774418 0 0 0
1450064579647 cpu  1983709599 33698300 302207781 16975502 23048 1040201309 3456121284 0 0 0
1450064579647 cpu0 672084530 33415 67155260 7999677 19094 939525086 3187678729 0 0 0
1450064579647 cpu1 571630252 41101 67184727 2874670 1949 100663469 67110424 0 0 0
1450064579647 cpu2 537874496 33589920 134272973 2993659 1160 7479 33557713 0 0 0
1450064579647 cpu3 202120321 33864 33594821 3107496 845 5275 167774418 0 0 0
1450064579748 cpu  1983709624 33698300 302207781 16975515 23048 1040201309 3456121284 0 0 0
1450064579748 cpu0 672084536 33415 67155260 7999681 19094 939525086 3187678729 0 0 0
1450064579748 cpu1 571630261 41101 67184727 2874671 1949 100663469 67110424 0 0 0
1450064579748 cpu2 537874504 33589920 134272973 2993661 1160 7479 33557713 0 0 0
1450064579748 cpu3 202120323 33864 33594821 3107502 845 5275 167774418 0 0 0
1450064579848 cpu  1983709648 33698300 302207783 16975526 23048 1040201309 3456121284 0 0 0
1450064579848 cpu0 672084543 33415 67155260 7999682 19094 939525086 3187678729 0 0 0
1450064579848 cpu1 571630270 41101 67184727 2874672 1949 100663469 67110424 0 0 0
1450064579848 cpu2 537874507 33589920 134272974 2993666 1160 7479 33557713 0 0 0
1450064579848 cpu3 202120328 33864 33594822 3107506 845 5275 167774418 0 0 0
1450064579940 cpu  1983709669 33698300 302207783 16975537 23048 1040201309 3456121284 0 0 0
1450064579940 cpu0 672084549 33415 67155260 7999684 19094 939525086 3187678729 0 0 0
1450064579940 cpu1 571630278 41101 67184727 2874672 1949 100663469 67110424 0 0 0
1450064579940 cpu2 537874511 33589920 134272974 2993670 1160 7479 33557713 0 0 0
1450064579940 cpu3 202120331 33864 33594822 3107511 845 5275 167774418 0 0 0
1450064580038 cpu  1983709695 33698303 302207784 16975546 23048 1040201309 3456121284 0 0 0
1450064580038 cpu0 672084557 33415 67155260 7999684 19094 939525086 3187678729 0 0 0
1450064580038 cpu1 571630287 41102 67184727 2874672 1949 100663469 67110424 0 0 0
1450064580038 cpu2 537874516 33589921 134272975 2993674 1160 7479 33557713 0 0 0
1450064580038 cpu3 202120335 33865 33594822 3107516 845 5275 167774418 0 0 0
1450064580139 cpu  1983709722 33698307 302207784 16975548 23048 1040201309 3456121284 0 0 0
1450064580139 cpu0 672084565 33416 67155260 7999684 19094 939525086 3187678729 0 0 0
1450064580139 cpu1 571630294 41103 67184727 2874672 1949 100663469 67110424 0 0 0
1450064580139 cpu2 537874522 33589922 134272975 2993675 1160 7479 33557713 0 0 0
1450064580139 cpu3 202120341 33866 33594822 3107517 845 5275 167774418 0 0 0
1450064580236 cpu  1983709733 33698308 302207785 16975570 23048 1040201309 3456121284 0 0 0
1450064580236 cpu0 672084567 33417 67155260 7999689 19094 939525086 3187678729 0 0 0
1450064580236 cpu1 571630296 41103 67184727 2874679 1949 100663469 67110424 0 0 0
1450064580236 cpu2 537874526 33589922 134272975 2993679 1160 7479 33557713 0 0 0
1450064580236 cpu3 202120344 33866 33594823 3107523 845 5275 167774418 0 0 0
1450064580339 cpu  1983709736 33698310 302207787 16975605 23048 1040201309 3456121284 0 0 0
1450064580339 cpu0 672084568 33417 67155261 7999697 19094 939525086 3187678729 0 0 0
1450064580339 cpu1 571630298 41105 67184727 2874686 1949 100663469 67110424 0 0 0
1450064580339 cpu2 537874526 33589922 134272976 2993689 1160 7479 33557713 0 0 0
1450064580339 cpu3 202120344 33866 33594823 3107533 845 5275 167774418 0 0 0
1450064580419 cpu  1983709746 33698311 302207787 16975623 23048 1040201309 3456121284 0 0 0
1450064580419 cpu0 672084570 33417 67155261 7999702 19094 939525086 3187678729 0 0 0
1450064580419 cpu1 571630300 41105 67184727 2874691 1949 100663469 67110424 0 0 0
1450064580419 cpu2 537874529 33589923 134272976 2993693 1160 7479 33557713 0 0 0
1450064580419 cpu3 202120347 33866 33594823 3107537 845 5275 167774418 0 0 0
1450064580522 cpu  1983709766 33698311 302207787 16975642 23048 1040201309 3456121284 0 0 0
1450064580522 cpu0 672084574 33417 67155261 7999707 19094 939525086 3187678729 0 0 0
1450064580522 cpu1 571630306 41105 67184727 2874695 1949 100663469 67110424 0 0 0
1450064580522 cpu2 537874533 33589923 134272976 2993699 1160 7479 33557713 0 0 0
1450064580522 cpu3 202120353 33866 33594823 3107541 845 5275 167774418 0 0 0
1450064580624 cpu  1983709777 33698311 302207787 16975670 23048 1040201309 3456121284 0 0 0
1450064580624 cpu0 672084577 33417 67155261 7999714 19094 939525086 3187678729 0 0 0
1450064580624 cpu1 571630313 41105 67184727 2874697 1949 100663469 67110424 0 0 0
1450064580624 cpu2 537874534 33589923 134272976 2993708 1160 7479 33557713 0 0 0
1450064580624 cpu3 202120353 33866 33594823 3107551 845 5275 167774418 0 0 0
1450064580696 cpu  1983709787 33698311 302207787 16975688 23048 1040201309 3456121284 0 0 0
1450064580696 cpu0 672084578 33417 67155261 7999719 19094 939525086 3187678729 0 0 0
1450064580696 cpu1 571630321 41105 67184727 2874697 1949 100663469 67110424 0 0 0
1450064580696 cpu2 537874534 33589923 134272976 2993715 1160 7479 33557713 0 0 0
1450064580696 cpu3 202120354 33866 33594823 3107557 845 5275 167774418 0 0 0
1450064580798 cpu  1983709800 33698312 302207787 16975714 23048 1040201309 3456121284 0 0 0
1450064580798 cpu0 672084579 33417 67155261 7999728 19094 939525086 3187678729 0 0 0
1450064580798 cpu1 571630329 41106 67184727 2874698 1949 100663469 67110424 0 0 0
1450064580798 cpu2 537874537 33589923 134272976 2993722 1160 7479 33557713 0 0 0
1450064580798 cpu3 202120355 33866 33594823 3107566 845 5275 167774418 0 0 0
1450064580901 cpu  1983709818 33698319 302207788 16975720 23048 1040201309 3456121284 0 0 0
1450064580901 cpu0 672084583 33418 67155261 7999731 19094 939525086 3187678729 0 0 0
1450064580901 cpu1 571630334 41108 67184727 2874698 1949 100663469 67110424 0 0 0
1450064580901 cpu2 537874542 33589925 134272976 2993723 1160 7479 33557713 0 0 0
1450064580901 cpu3 202120359 33868 33594824 3107568 845 5275 167774418 0 0 0
