1450064491880 cpu  1983699603 33697670 302206934 16953909 22961 1040201279 3456121239 0 0 0
1450064491880 cpu0 672082806 33295 67155141 7993844 19017 939525086 3187678694 0 0 0
1450064491880 cpu1 571626883 40895 67184440 2870135 1945 100663469 67110420 0 0 0
1450064491880 cpu2 537871819 33589762 134272717 2988330 1157 7463 33557710 0 0 0
1450064491880 cpu3 202118095 33718 33594636 3101600 842 5261 167774415 0 0 0
1450064491982 cpu  1983699632 33697671 302206937 16953912 22961 1040201279 3456121239 0 0 0
1450064491982 cpu0 672082812 33296 67155141 7993845 19017 939525086 3187678694 0 0 0
1450064491982 cpu1 571626892 40895 67184441 2870135 1945 100663469 67110420 0 0 0
1450064491982 cpu2 537871827 33589762 134272718 2988331 1157 7463 33557710 0 0 0
1450064491982 cpu3 202118101 33718 33594637 3101601 842 5261 167774415 0 0 0
1450064492043 cpu  1983699640 33697671 302206937 16953927 22961 1040201279 3456121239 0 0 0
1450064492043 cpu0 672082813 33296 67155141 7993850 19017 939525086 3187678694 0 0 0
1450064492043 cpu1 571626896 40895 67184441 2870137 1945 100663469 67110420 0 0 0
1450064492043 cpu2 537871827 33589762 134272718 2988336 1157 7463 33557710 0 0 0
1450064492043 cpu3 202118104 33718 33594637 3101604 842 5261 167774415 0 0 0
1450064492104 cpu  1983699647 33697671 302206939 16953942 22961 1040201279 3456121239 0 0 0
1450064492104 cpu0 672082814 33296 67155141 7993854 19017 939525086 3187678694 0 0 0
1450064492104 cpu1 571626897 40895 67184441 2870142 1945 100663469 67110420 0 0 0
1450064492104 cpu2 537871828 33589762 134272719 2988341 1157 7463 33557710 0 0 0
1450064492104 cpu3 202118108 33718 33594638 3101605 842 5261 167774415 0 0 0
1450064492165 cpu  1983699655 33697671 302206940 16953954 22961 1040201279 3456121239 0 0 0
1450064492165 cpu0 672082815 33296 67155141 7993858 19017 939525086 3187678694 0 0 0
1450064492165 cpu1 571626898 40895 67184442 2870145 1945 100663469 67110420 0 0 0
1450064492165 cpu2 537871830 33589762 134272719 2988345 1157 7463 33557710 0 0 0
1450064492165 cpu3 202118112 33718 33594638 3101606 842 5261 167774415 0 0 0
1450064492227 cpu  1983699668 33697671 302206941 16953960 22961 1040201279 3456121239 0 0 0
1450064492227 cpu0 672082817 33296 67155141 7993860 19017 939525086 3187678694 0 0 0
1450064492227 cpu1 571626902 40895 67184442 2870146 1945 100663469 67110420 0 0 0
1450064492227 cpu2 537871833 33589762 134272719 2988347 1157 7463 33557710 0 0 0
1450064492227 cpu3 202118116 33718 33594639 3101607 842 5261 167774415 0 0 0
1450064492288 cpu  1983699670 33697672 302206941 16953982 22961 1040201279 3456121239 0 0 0
1450064492288 cpu0 672082818 33297 67155141 7993864 19017 939525086 3187678694 0 0 0
1450064492288 cpu1 571626902 40895 67184442 2870152 1945 100663469 67110420 0 0 0
1450064492288 cpu2 537871833 33589762 134272719 2988353 1157 7463 33557710 0 0 0
1450064492288 cpu3 202118117 33718 33594639 3101613 842 5261 167774415 0 0 0
1450064492349 cpu  1983699676 33697672 302206943 16953999 22961 1040201279 3456121239 0 0 0
1450064492349 cpu0 672082820 33297 67155142 7993869 19017 939525086 3187678694 0 0 0
1450064492349 cpu1 571626903 40895 67184442 2870156 1945 100663469 67110420 0 0 0
1450064492349 cpu2 537871835 33589762 134272720 2988357 1157 7463 33557710 0 0 0
1450064492349 cpu3 202118118 33718 33594639 3101617 842 5261 167774415 0 0 0
1450064492415 cpu  1983699681 33697672 302206943 16954016 22961 1040201279 3456121241 0 0 0
1450064492415 cpu0 672082820 33297 67155142 7993873 19017 939525086 3187678695 0 0 0
1450064492415 cpu1 571626906 40895 67184442 2870160 1945 100663469 67110421 0 0 0
1450064492415 cpu2 537871836 33589762 134272720 2988361 1157 7463 33557710 0 0 0
1450064492415 cpu3 202118119 33718 33594639 3101622 842 5261 167774415 0 0 0
1450064492477 cpu  1983699689 33697672 302206944 16954032 22961 1040201279 3456121241 0 0 0
1450064492477 cpu0 672082823 33297 67155142 7993876 19017 939525086 3187678695 0 0 0
1450064492477 cpu1 571626909 40895 67184442 2870163 1945 100663469 67110421 0 0 0
1450064492477 cpu2 537871837 33589762 134272720 2988366 1157 7463 33557710 0 0 0
1450064492477 cpu3 202118120 33718 33594640 3101627 842 5261 167774415 0 0 0
1450064492540 cpu  1983699698 33697673 302206947 16954041 22961 1040201279 3456121241 0 0 0
1450064492540 cpu0 672082826 33297 67155142 7993879 19017 939525086 3187678695 0 0 0
1450064492540 cpu1 571626911 40895 67184443 2870165 1945 100663469 67110421 0 0 0
1450064492540 cpu2 537871840 33589762 134272721 2988368 1157 7463 33557710 0 0 0
1450064492540 cpu3 202118121 33719 33594641 3101629 842 5261 167774415 0 0 0
1450064492601 cpu  1983699706 33697677 302206948 16954051 22961 1040201279 3456121241 0 0 0
1450064492601 cpu0 672082826 33299 67155142 7993881 19017 939525086 3187678695 0 0 0
1450064492601 cpu1 571626912 40896 67184444 2870168 1945 100663469 67110421 0 0 0
1450064492601 cpu2 537871846 33589762 134272721 2988368 1157 7463 33557710 0 0 0
1450064492601 cpu3 202118122 33720 33594641 3101634 842 5261 167774415 0 0 0
1450064492662 cpu  1983699713 33697681 302206950 16954063 22961 1040201279 3456121242 0 0 0
1450064492662 cpu0 672082827 33299 67155142 7993887 19017 939525086 3187678695 0 0 0
1450064492662 cpu1 571626912 40900 67184446 2870169 1945 100663469 67110421 0 0 0
1450064492662 cpu2 537871852 33589762 134272721 2988368 1157 7463 33557710 0 0 0
1450064492662 cpu3 202118122 33720 33594641 3101639 842 5261 167774416 0 0 0
1450064492725 cpu  1983699719 33697686 302206951 16954074 22961 1040201279 3456121242 0 0 0
1450064492725 cpu0 672082827 33299 67155142 7993892 19017 939525086 3187678695 0 0 0
1450064492725 cpu1 571626912 40905 67184447 2870169 1945 100663469 67110421 0 0 0
1450064492725 cpu2 537871858 33589762 134272721 2988368 1157 7463 33557710 0 0 0
1450064492725 cpu3 202118122 33720 33594641 3101645 842 5261 167774416 0 0 0
1450064492788 cpu  1983699728 33697689 302206955 16954084 22961 1040201279 3456121242 0 0 0
1450064492788 cpu0 672082829 33299 67155142 7993896 19017 939525086 3187678695 0 0 0
1450064492788 cpu1 571626912 40908 67184450 2870169 1945 100663469 67110421 0 0 0
1450064492788 cpu2 537871864 33589762 134272722 2988368 1157 7463 33557710 0 0 0
1450064492788 cpu3 202118123 33720 33594641 3101651 842 5261 167774416 0 0 0
1450064492851 cpu  1983699737 33697693 302206957 16954093 22961 1040201279 3456121242 0 0 0
1450064492851 cpu0 672082830 33299 67155142 7993901 19017 939525086 3187678695 0 0 0
1450064492851 cpu1 571626912 40912 67184452 2870169 1945 100663469 67110421 0 0 0
1450064492851 cpu2 537871870 33589762 134272722 2988368 1157 7463 33557710 0 0 0
1450064492851 cpu3 202118125 33720 33594641 3101655 842 5261 167774416 0 0 0
1450064492915 cpu  1983699746 33697699 302206958 16954101 22961 1040201279 3456121242 0 0 0
1450064492915 cpu0 672082832 33299 67155142 7993905 19017 939525086 3187678695 0 0 0
1450064492915 cpu1 571626912 40918 67184453 2870169 1945 100663469 67110421 0 0 0
1450064492915 cpu2 537871876 33589762 134272722 2988368 1157 7463 33557710 0 0 0
1450064492915 cpu3 202118126 33720 33594641 3101659 842 5261 167774416 0 0 0
1450064492976 cpu  1983699753 33697701 302206962 16954108 22962 1040201279 3456121242 0 0 0
1450064492976 cpu0 672082834 33299 67155142 7993907 19018 939525086 3187678695 0 0 0
1450064492976 cpu1 571626912 40919 67184456 2870169 1945 100663469 67110421 0 0 0
1450064492976 cpu2 537871881 33589762 134272722 2988368 1157 7463 33557710 0 0 0
1450064492976 cpu3 202118126 33721 33594642 3101664 842 5261 167774416 0 0 0
1450064493039 cpu  1983699762 33697706 302206964 16954118 22962 1040201279 3456121242 0 0 0
1450064493039 cpu0 672082835 33299 67155142 7993912 19018 939525086 3187678695 0 0 0
1450064493039 cpu1 571626912 40924 67184458 2870169 1945 100663469 67110421 0 0 0
1450064493039 cpu2 537871888 33589762 134272722 2988368 1157 7463 33557710 0 0 0
1450064493039 cpu3 202118127 33721 33594642 3101669 842 5261 167774416 0 0 0
1450064493102 cpu  1983699769 33697709 302206969 16954127 22962 1040201279 3456121242 0 0 0
1450064493102 cpu0 672082836 33299 67155142 7993916 19018 939525086 3187678695 0 0 0
1450064493102 cpu1 571626913 40926 67184461 2870169 1945 100663469 67110421 0 0 0
1450064493102 cpu2 537871892 33589763 134272724 2988368 1157 7463 33557710 0 0 0
1450064493102 cpu3 202118128 33721 33594642 3101674 842 5261 167774416 0 0 0
1450064493164 cpu  1983699774 33697715 302206971 16954137 22962 1040201279 3456121242 0 0 0
1450064493164 cpu0 672082838 33300 67155142 7993920 19018 939525086 3187678695 0 0 0
1450064493164 cpu1 571626915 40926 67184463 2870170 1945 100663469 67110421 0 0 0
1450064493164 cpu2 537871892 33589768 134272724 2988368 1157 7463 33557710 0 0 0
1450064493164 cpu3 202118129 33721 33594642 3101679 842 5261 167774416 0 0 0
1450064493243 cpu  1983699790 33697719 302206975 16954143 22962 1040201279 3456121242 0 0 0
1450064493243 cpu0 672082842 33300 67155143 7993922 19018 939525086 3187678695 0 0 0
1450064493243 cpu1 571626922 40926 67184464 2870170 1945 100663469 67110421 0 0 0
1450064493243 cpu2 537871895 33589771 134272725 2988369 1157 7463 33557710 0 0 0
1450064493243 cpu3 202118131 33722 33594643 3101682 842 5261 167774416 0 0 0
1450064493304 cpu  1983699801 33697723 302206976 16954148 22962 1040201279 3456121242 0 0 0
1450064493304 cpu0 672082844 33300 67155143 7993925 19018 939525086 3187678695 0 0 0
1450064493304 cpu1 571626925 40928 67184464 2870170 1945 100663469 67110421 0 0 0
1450064493304 cpu2 537871898 33589773 134272726 2988369 1157 7463 33557710 0 0 0
1450064493304 cpu3 202118134 33722 33594643 3101684 842 5261 167774416 0 0 0
1450064493364 cpu  1983699810 33697729 302206977 16954155 22962 1040201279 3456121242 0 0 0
1450064493364 cpu0 672082847 33300 67155143 7993927 19018 939525086 3187678695 0 0 0
1450064493364 cpu1 571626926 40932 67184465 2870171 1945 100663469 67110421 0 0 0
1450064493364 cpu2 537871900 33589775 134272726 2988370 1157 7463 33557710 0 0 0
1450064493364 cpu3 202118137 33722 33594643 3101687 842 5261 167774416 0 0 0
1450064493425 cpu  1983699818 33697736 302206979 16954157 22962 1040201279 3456121242 0 0 0
1450064493425 cpu0 672082848 33302 67155143 7993928 19018 939525086 3187678695 0 0 0
1450064493425 cpu1 571626928 40933 67184466 2870171 1945 100663469 67110421 0 0 0
1450064493425 cpu2 537871904 33589776 134272726 2988370 1157 7463 33557710 0 0 0
1450064493425 cpu3 202118138 33725 33594644 3101688 842 5261 167774416 0 0 0
1450064493487 cpu  1983699828 33697744 302206981 16954158 22962 1040201279 3456121242 0 0 0
1450064493487 cpu0 672082850 33304 67155143 7993929 19018 939525086 3187678695 0 0 0
1450064493487 cpu1 571626930 40937 67184466 2870171 1945 100663469 67110421 0 0 0
1450064493487 cpu2 537871906 33589778 134272727 2988370 1157 7463 33557710 0 0 0
1450064493487 cpu3 202118142 33725 33594645 3101688 842 5261 167774416 0 0 0
1450064493548 cpu  1983699841 33697751 302206981 16954160 22963 1040201279 3456121242 0 0 0
1450064493548 cpu0 672082853 33305 67155143 7993930 19019 939525086 3187678695 0 0 0
1450064493548 cpu1 571626934 40939 67184466 2870171 1945 100663469 67110421 0 0 0
1450064493548 cpu2 537871909 33589781 134272727 2988370 1157 7463 33557710 0 0 0
1450064493548 cpu3 202118145 33726 33594645 3101689 842 5261 167774416 0 0 0
1450064493609 cpu  1983699851 33697757 302206983 16954164 22963 1040201279 3456121242 0 0 0
1450064493609 cpu0 672082855 33306 67155143 7993932 19019 939525086 3187678695 0 0 0
1450064493609 cpu1 571626937 40940 67184467 2870172 1945 100663469 67110421 0 0 0
1450064493609 cpu2 537871910 33589784 134272728 2988370 1157 7463 33557710 0 0 0
1450064493609 cpu3 202118149 33727 33594645 3101690 842 5261 167774416 0 0 0
1450064493670 cpu  1983699860 33697762 302206985 16954170 22963 1040201279 3456121242 0 0 0
1450064493670 cpu0 672082858 33307 67155143 7993934 19019 939525086 3187678695 0 0 0
1450064493670 cpu1 571626939 40940 67184468 2870173 1945 100663469 67110421 0 0 0
1450064493670 cpu2 537871913 33589785 134272729 2988372 1157 7463 33557710 0 0 0
1450064493670 cpu3 202118150 33730 33594645 3101691 842 5261 167774416 0 0 0
1450064493731 cpu  1983699875 33697763 302206986 16954173 22963 1040201279 3456121242 0 0 0
1450064493731 cpu0 672082861 33307 67155143 7993935 19019 939525086 3187678695 0 0 0
1450064493731 cpu1 571626943 40941 67184468 2870174 1945 100663469 67110421 0 0 0
1450064493731 cpu2 537871917 33589785 134272729 2988372 1157 7463 33557710 0 0 0
1450064493731 cpu3 202118154 33730 33594646 3101692 842 5261 167774416 0 0 0
1450064493791 cpu  1983699891 33697765 302206986 16954173 22963 1040201279 3456121242 0 0 0
1450064493791 cpu0 672082865 33307 67155143 7993935 19019 939525086 3187678695 0 0 0
1450064493791 cpu1 571626947 40942 67184468 2870174 1945 100663469 67110421 0 0 0
1450064493791 cpu2 537871921 33589786 134272729 2988372 1157 7463 33557710 0 0 0
1450064493791 cpu3 202118159 33730 33594646 3101692 842 5261 167774416 0 0 0
1450064493853 cpu  1983699903 33697768 302206988 16954176 22963 1040201279 3456121242 0 0 0
1450064493853 cpu0 672082867 33309 67155143 7993937 19019 939525086 3187678695 0 0 0
1450064493853 cpu1 571626949 40942 67184469 2870175 1945 100663469 67110421 0 0 0
1450064493853 cpu2 537871925 33589786 134272730 2988372 1157 7463 33557710 0 0 0
1450064493853 cpu3 202118162 33731 33594646 3101692 842 5261 167774416 0 0 0
1450064493913 cpu  1983699922 33697770 302206990 16954178 22963 1040201279 3456121242 0 0 0
1450064493913 cpu0 672082872 33309 67155144 7993937 19019 939525086 3187678695 0 0 0
1450064493913 cpu1 571626954 40943 67184469 2870175 1945 100663469 67110421 0 0 0
1450064493913 cpu2 537871929 33589786 134272731 2988373 1157 7463 33557710 0 0 0
1450064493913 cpu3 202118167 33732 33594646 3101693 842 5261 167774416 0 0 0
1450064493974 cpu  1983699934 33697770 302206991 16954183 22963 1040201279 3456121242 0 0 0
1450064493974 cpu0 672082875 33309 67155144 7993938 19019 939525086 3187678695 0 0 0
1450064493974 cpu1 571626957 40943 67184470 2870176 1945 100663469 67110421 0 0 0
1450064493974 cpu2 537871933 33589786 134272731 2988374 1157 7463 33557710 0 0 0
1450064493974 cpu3 202118169 33732 33594646 3101695 842 5261 167774416 0 0 0
1450064494035 cpu  1983699950 33697770 302206991 16954187 22963 1040201279 3456121242 0 0 0
1450064494035 cpu0 672082879 33309 67155144 7993939 19019 939525086 3187678695 0 0 0
1450064494035 cpu1 571626961 40943 67184470 2870177 1945 100663469 67110421 0 0 0
1450064494035 cpu2 537871937 33589786 134272731 2988375 1157 7463 33557710 0 0 0
1450064494035 cpu3 202118173 33732 33594646 3101696 842 5261 167774416 0 0 0
1450064494096 cpu  1983699962 33697770 302206991 16954196 22963 1040201279 3456121242 0 0 0
1450064494096 cpu0 672082882 33309 67155144 7993941 19019 939525086 3187678695 0 0 0
1450064494096 cpu1 571626963 40943 67184470 2870180 1945 100663469 67110421 0 0 0
1450064494096 cpu2 537871941 33589786 134272731 2988376 1157 7463 33557710 0 0 0
1450064494096 cpu3 202118176 33732 33594646 3101699 842 5261 167774416 0 0 0
1450064494189 cpu  1983699978 33697771 302206994 16954212 22963 1040201279 3456121242 0 0 0
1450064494189 cpu0 672082885 33310 67155144 7993946 19019 939525086 3187678695 0 0 0
1450064494189 cpu1 571626968 40943 67184471 2870184 1945 100663469 67110421 0 0 0
1450064494189 cpu2 537871946 33589786 134272732 2988378 1157 7463 33557710 0 0 0
1450064494189 cpu3 202118179 33732 33594647 3101704 842 5261 167774416 0 0 0
1450064494291 cpu  1983699988 33697771 302206996 16954239 22963 1040201279 3456121242 0 0 0
1450064494291 cpu0 672082886 33310 67155144 7993954 19019 939525086 3187678695 0 0 0
1450064494291 cpu1 571626972 40943 67184472 2870188 1945 100663469 67110421 0 0 0
1450064494291 cpu2 537871950 33589786 134272732 2988385 1157 7463 33557710 0 0 0
1450064494291 cpu3 202118180 33732 33594648 3101712 842 5261 167774416 0 0 0
1450064494388 cpu  1983699996 33697771 302206996 16954269 22963 1040201279 3456121242 0 0 0
1450064494388 cpu0 672082888 33310 67155144 7993961 19019 939525086 3187678695 0 0 0
1450064494388 cpu1 571626975 40943 67184472 2870195 1945 100663469 67110421 0 0 0
1450064494388 cpu2 537871951 33589786 134272732 2988393 1157 7463 33557710 0 0 0
1450064494388 cpu3 202118182 33732 33594648 3101720 842 5261 167774416 0 0 0
1450064494488 cpu  1983700003 33697771 302206996 16954301 22963 1040201279 3456121242 0 0 0
1450064494488 cpu0 672082891 33310 67155144 7993968 19019 939525086 3187678695 0 0 0
1450064494488 cpu1 571626976 40943 67184472 2870204 1945 100663469 67110421 0 0 0
1450064494488 cpu2 537871954 33589786 134272732 2988400 1157 7463 33557710 0 0 0
1450064494488 cpu3 202118182 33732 33594648 3101729 842 5261 167774416 0 0 0
1450064494573 cpu  1983700010 33697771 302206997 16954325 22963 1040201279 3456121242 0 0 0
1450064494573 cpu0 672082892 33310 67155144 7993974 19019 939525086 3187678695 0 0 0
1450064494573 cpu1 571626977 40943 67184472 2870210 1945 100663469 67110421 0 0 0
1450064494573 cpu2 537871956 33589786 134272732 2988407 1157 7463 33557710 0 0 0
1450064494573 cpu3 202118185 33732 33594649 3101734 842 5261 167774416 0 0 0
1450064494676 cpu  1983700012 33697771 302206997 16954363 22963 1040201279 3456121242 0 0 0
1450064494676 cpu0 672082893 33310 67155144 7993983 19019 939525086 3187678695 0 0 0
1450064494676 cpu1 571626978 40943 67184472 2870220 1945 100663469 67110421 0 0 0
1450064494676 cpu2 537871956 33589786 134272732 2988416 1157 7463 33557710 0 0 0
1450064494676 cpu3 202118185 33732 33594649 3101744 842 5261 167774416 0 0 0
1450064494757 cpu  1983700020 33697771 302206997 16954385 22963 1040201279 3456121242 0 0 0
1450064494757 cpu0 672082896 33310 67155144 7993987 19019 939525086 3187678695 0 0 0
1450064494757 cpu1 571626980 40943 67184472 2870225 1945 100663469 67110421 0 0 0
1450064494757 cpu2 537871958 33589786 134272732 2988422 1157 7463 33557710 0 0 0
1450064494757 cpu3 202118186 33732 33594649 3101751 842 5261 167774416 0 0 0
1450064494861 cpu  1983700022 33697771 302206997 16954425 22963 1040201279 3456121242 0 0 0
1450064494861 cpu0 672082897 33310 67155144 7993997 19019 939525086 3187678695 0 0 0
1450064494861 cpu1 571626981 40943 67184472 2870234 1945 100663469 67110421 0 0 0
1450064494861 cpu2 537871958 33589786 134272732 2988432 1157 7463 33557710 0 0 0
1450064494861 cpu3 202118186 33732 33594649 3101762 842 5261 167774416 0 0 0
1450064494964 cpu  1983700023 33697771 302206997 16954464 22963 1040201279 3456121242 0 0 0
1450064494964 cpu0 672082897 33310 67155144 7994006 19019 939525086 3187678695 0 0 0
1450064494964 cpu1 571626981 40943 67184472 2870245 1945 100663469 67110421 0 0 0
1450064494964 cpu2 537871959 33589786 134272732 2988442 1157 7463 33557710 0 0 0
1450064494964 cpu3 202118186 33732 33594649 3101771 842 5261 167774416 0 0 0
1450064495048 cpu  1983700024 33697771 302206997 16954496 22963 1040201279 3456121242 0 0 0
1450064495048 cpu0 672082897 33310 67155144 7994014 19019 939525086 3187678695 0 0 0
1450064495048 cpu1 571626981 40943 67184472 2870253 1945 100663469 67110421 0 0 0
1450064495048 cpu2 537871959 33589786 134272732 2988450 1157 7463 33557710 0 0 0
1450064495048 cpu3 202118187 33732 33594649 3101779 842 5261 167774416 0 0 0
1450064495154 cpu  1983700042 33697773 302207002 16954508 22963 1040201279 3456121242 0 0 0
1450064495154 cpu0 672082901 33310 67155145 7994017 19019 939525086 3187678695 0 0 0
1450064495154 cpu1 571626986 40944 67184473 2870255 1945 100663469 67110421 0 0 0
1450064495154 cpu2 537871964 33589787 134272734 2988453 1157 7463 33557710 0 0 0
1450064495154 cpu3 202118191 33732 33594650 3101783 842 5261 167774416 0 0 0
1450064495256 cpu  1983700047 33697773 302207004 16954542 22964 1040201279 3456121242 0 0 0
1450064495256 cpu0 672082903 33310 67155146 7994024 19020 939525086 3187678695 0 0 0
1450064495256 cpu1 571626988 40944 67184474 2870263 1945 100663469 67110421 0 0 0
1450064495256 cpu2 537871965 33589787 134272734 2988462 1157 7463 33557710 0 0 0
1450064495256 cpu3 202118191 33732 33594650 3101793 842 5261 167774416 0 0 0
1450064495360 cpu  1983700048 33697773 302207004 16954582 22964 1040201279 3456121242 0 0 0
1450064495360 cpu0 672082903 33310 67155146 7994034 19020 939525086 3187678695 0 0 0
1450064495360 cpu1 571626988 40944 67184474 2870273 1945 100663469 67110421 0 0 0
1450064495360 cpu2 537871965 33589787 134272734 2988472 1157 7463 33557710 0 0 0
1450064495360 cpu3 202118192 33732 33594650 3101803 842 5261 167774416 0 0 0
1450064495458 cpu  1983700048 33697773 302207004 16954620 22964 1040201279 3456121242 0 0 0
1450064495458 cpu0 672082903 33310 67155146 7994043 19020 939525086 3187678695 0 0 0
1450064495458 cpu1 571626988 40944 67184474 2870283 1945 100663469 67110421 0 0 0
1450064495458 cpu2 537871965 33589787 134272734 2988482 1157 7463 33557710 0 0 0
1450064495458 cpu3 202118192 33732 33594650 3101812 842 5261 167774416 0 0 0
1450064495529 cpu  1983700056 33697773 302207005 16954639 22964 1040201279 3456121242 0 0 0
1450064495529 cpu0 672082906 33310 67155146 7994047 19020 939525086 3187678695 0 0 0
1450064495529 cpu1 571626990 40944 67184475 2870287 1945 100663469 67110421 0 0 0
1450064495529 cpu2 537871967 33589787 134272734 2988487 1157 7463 33557710 0 0 0
1450064495529 cpu3 202118193 33732 33594650 3101818 842 5261 167774416 0 0 0
1450064495632 cpu  1983700069 33697773 302207005 16954664 22964 1040201279 3456121242 0 0 0
1450064495632 cpu0 672082910 33310 67155146 7994051 19020 939525086 3187678695 0 0 0
1450064495632 cpu1 571626994 40944 67184475 2870293 1945 100663469 67110421 0 0 0
1450064495632 cpu2 537871970 33589787 134272734 2988494 1157 7463 33557710 0 0 0
1450064495632 cpu3 202118195 33732 33594650 3101826 842 5261 167774416 0 0 0
1450064495728 cpu  1983700078 33697773 302207005 16954690 22964 1040201280 3456121242 0 0 0
1450064495728 cpu0 672082912 33310 67155146 7994057 19020 939525086 3187678695 0 0 0
1450064495728 cpu1 571626998 40944 67184475 2870298 1945 100663469 67110421 0 0 0
1450064495728 cpu2 537871972 33589787 134272734 2988501 1157 7463 33557710 0 0 0
1450064495728 cpu3 202118196 33732 33594650 3101834 842 5262 167774416 0 0 0
1450064495831 cpu  1983700086 33697773 302207005 16954723 22964 1040201280 3456121242 0 0 0
1450064495831 cpu0 672082916 33310 67155146 7994064 19020 939525086 3187678695 0 0 0
1450064495831 cpu1 571627000 40944 67184475 2870306 1945 100663469 67110421 0 0 0
1450064495831 cpu2 537871973 33589787 134272734 2988510 1157 7463 33557710 0 0 0
1450064495831 cpu3 202118197 33732 33594650 3101843 842 5262 167774416 0 0 0
1450064495932 cpu  1983700087 33697773 302207005 16954761 22964 1040201280 3456121242 0 0 0
1450064495932 cpu0 672082917 33310 67155146 7994073 19020 939525086 3187678695 0 0 0
1450064495932 cpu1 571627000 40944 67184475 2870316 1945 100663469 67110421 0 0 0
1450064495932 cpu2 537871973 33589787 134272734 2988519 1157 7463 33557710 0 0 0
1450064495932 cpu3 202118197 33732 33594650 3101853 842 5262 167774416 0 0 0
1450064496035 cpu  1983700094 33697774 302207006 16954794 22964 1040201281 3456121242 0 0 0
1450064496035 cpu0 672082920 33311 67155147 7994079 19020 939525086 3187678695 0 0 0
1450064496035 cpu1 571627002 40944 67184475 2870324 1945 100663469 67110421 0 0 0
1450064496035 cpu2 537871974 33589787 134272734 2988528 1157 7464 33557710 0 0 0
1450064496035 cpu3 202118198 33732 33594650 3101863 842 5262 167774416 0 0 0
1450064496100 cpu  1983700097 33697774 302207006 16954815 22964 1040201281 3456121242 0 0 0
1450064496100 cpu0 672082921 33311 67155147 7994084 19020 939525086 3187678695 0 0 0
1450064496100 cpu1 571627003 40944 67184475 2870329 1945 100663469 67110421 0 0 0
1450064496100 cpu2 537871975 33589787 134272734 2988533 1157 7464 33557710 0 0 0
1450064496100 cpu3 202118198 33732 33594650 3101869 842 5262 167774416 0 0 0
1450064496200 cpu  1983700103 33697774 302207007 16954843 22965 1040201281 3456121242 0 0 0
1450064496200 cpu0 672082922 33311 67155147 7994089 19021 939525086 3187678695 0 0 0
1450064496200 cpu1 571627005 40944 67184475 2870336 1945 100663469 67110421 0 0 0
1450064496200 cpu2 537871977 33589787 134272734 2988541 1157 7464 33557710 0 0 0
1450064496200 cpu3 202118199 33732 33594651 3101877 842 5262 167774416 0 0 0
1450064496303 cpu  1983700110 33697774 302207007 16954875 22965 1040201281 3456121242 0 0 0
1450064496303 cpu0 672082926 33311 67155147 7994094 19021 939525086 3187678695 0 0 0
1450064496303 cpu1 571627006 40944 67184475 2870345 1945 100663469 67110421 0 0 0
1450064496303 cpu2 537871978 33589787 134272734 2988550 1157 7464 33557710 0 0 0
1450064496303 cpu3 202118200 33732 33594651 3101886 842 5262 167774416 0 0 0
1450064496406 cpu  1983700118 33697774 302207007 16954906 22965 1040201281 3456121242 0 0 0
1450064496406 cpu0 672082932 33311 67155147 7994098 19021 939525086 3187678695 0 0 0
1450064496406 cpu1 571627007 40944 67184475 2870354 1945 100663469 67110421 0 0 0
1450064496406 cpu2 537871979 33589787 134272734 2988558 1157 7464 33557710 0 0 0
1450064496406 cpu3 202118200 33732 33594651 3101896 842 5262 167774416 0 0 0
1450064496509 cpu  1983700129 33697774 302207010 16954933 22965 1040201281 3456121242 0 0 0
1450064496509 cpu0 672082936 33311 67155147 7994104 19021 939525086 3187678695 0 0 0
1450064496509 cpu1 571627010 40944 67184476 2870360 1945 100663469 67110421 0 0 0
1450064496509 cpu2 537871981 33589787 134272736 2988565 1157 7464 33557710 0 0 0
1450064496509 cpu3 202118202 33732 33594651 3101904 842 5262 167774416 0 0 0
1450064496608 cpu  1983700131 33697774 302207010 16954970 22965 1040201281 3456121242 0 0 0
1450064496608 cpu0 672082936 33311 67155147 7994113 19021 939525086 3187678695 0 0 0
1450064496608 cpu1 571627011 40944 67184476 2870369 1945 100663469 67110421 0 0 0
1450064496608 cpu2 537871982 33589787 134272736 2988575 1157 7464 33557710 0 0 0
1450064496608 cpu3 202118202 33732 33594651 3101913 842 5262 167774416 0 0 0
1450064496687 cpu  1983700132 33697774 302207010 16955001 22965 1040201281 3456121242 0 0 0
1450064496687 cpu0 672082937 33311 67155147 7994120 19021 939525086 3187678695 0 0 0
1450064496687 cpu1 571627011 40944 67184476 2870377 1945 100663469 67110421 0 0 0
1450064496687 cpu2 537871982 33589787 134272736 2988583 1157 7464 33557710 0 0 0
1450064496687 cpu3 202118202 33732 33594651 3101921 842 5262 167774416 0 0 0
1450064496753 cpu  1983700132 33697774 302207010 16955026 22965 1040201281 3456121242 0 0 0
1450064496753 cpu0 672082937 33311 67155147 7994126 19021 939525086 3187678695 0 0 0
1450064496753 cpu1 571627011 40944 67184476 2870383 1945 100663469 67110421 0 0 0
1450064496753 cpu2 537871982 33589787 134272736 2988589 1157 7464 33557710 0 0 0
1450064496753 cpu3 202118202 33732 33594651 3101928 842 5262 167774416 0 0 0
1450064496855 cpu  1983700133 33697774 302207010 16955066 22965 1040201281 3456121242 0 0 0
1450064496855 cpu0 672082937 33311 67155147 7994136 19021 939525086 3187678695 0 0 0
1450064496855 cpu1 571627012 40944 67184476 2870393 1945 100663469 67110421 0 0 0
1450064496855 cpu2 537871982 33589787 134272736 2988599 1157 7464 33557710 0 0 0
1450064496855 cpu3 202118202 33732 33594651 3101938 842 5262 167774416 0 0 0
1450064496958 cpu  1983700137 33697774 302207010 16955103 22965 1040201281 3456121242 0 0 0
1450064496958 cpu0 672082939 33311 67155147 7994144 19021 939525086 3187678695 0 0 0
1450064496958 cpu1 571627013 40944 67184476 2870402 1945 100663469 67110421 0 0 0
1450064496958 cpu2 537871982 33589787 134272736 2988609 1157 7464 33557710 0 0 0
1450064496958 cpu3 202118203 33732 33594651 3101948 842 5262 167774416 0 0 0
1450064497061 cpu  1983700149 33697774 302207011 16955127 22965 1040201281 3456121242 0 0 0
1450064497061 cpu0 672082942 33311 67155147 7994150 19021 939525086 3187678695 0 0 0
1450064497061 cpu1 571627015 40944 67184477 2870408 1945 100663469 67110421 0 0 0
1450064497061 cpu2 537871986 33589787 134272736 2988615 1157 7464 33557710 0 0 0
1450064497061 cpu3 202118206 33732 33594651 3101954 842 5262 167774416 0 0 0
1450064497158 cpu  1983700168 33697774 302207013 16955141 22965 1040201281 3456121242 0 0 0
1450064497158 cpu0 672082945 33311 67155147 7994154 19021 939525086 3187678695 0 0 0
1450064497158 cpu1 571627022 40944 67184477 2870410 1945 100663469 67110421 0 0 0
1450064497158 cpu2 537871990 33589787 134272737 2988619 1157 7464 33557710 0 0 0
1450064497158 cpu3 202118211 33732 33594652 3101958 842 5262 167774416 0 0 0
1450064497258 cpu  1983700183 33697774 302207014 16955162 22965 1040201281 3456121242 0 0 0
1450064497258 cpu0 672082949 33311 67155148 7994158 19021 939525086 3187678695 0 0 0
1450064497258 cpu1 571627026 40944 67184477 2870415 1945 100663469 67110421 0 0 0
1450064497258 cpu2 537871995 33589787 134272737 2988624 1157 7464 33557710 0 0 0
1450064497258 cpu3 202118213 33732 33594652 3101965 842 5262 167774416 0 0 0
1450064497322 cpu  1983700197 33697774 302207015 16955169 22965 1040201281 3456121242 0 0 0
1450064497322 cpu0 672082952 33311 67155148 7994160 19021 939525086 3187678695 0 0 0
1450064497322 cpu1 571627030 40944 67184477 2870417 1945 100663469 67110421 0 0 0
1450064497322 cpu2 537871998 33589787 134272737 2988626 1157 7464 33557710 0 0 0
1450064497322 cpu3 202118217 33732 33594653 3101966 842 5262 167774416 0 0 0
1450064497418 cpu  1983700218 33697774 302207017 16955178 22968 1040201281 3456121242 0 0 0
1450064497418 cpu0 672082955 33311 67155149 7994161 19023 939525086 3187678695 0 0 0
1450064497418 cpu1 571627035 40944 67184478 2870421 1945 100663469 67110421 0 0 0
1450064497418 cpu2 537872002 33589787 134272737 2988630 1157 7464 33557710 0 0 0
1450064497418 cpu3 202118226 33732 33594653 3101966 843 5262 167774416 0 0 0
1450064497518 cpu  1983700234 33697774 302207017 16955196 22970 1040201281 3456121242 0 0 0
1450064497518 cpu0 672082957 33311 67155149 7994165 19025 939525086 3187678695 0 0 0
1450064497518 cpu1 571627039 40944 67184478 2870426 1945 100663469 67110421 0 0 0
1450064497518 cpu2 537872009 33589787 134272737 2988633 1157 7464 33557710 0 0 0
1450064497518 cpu3 202118229 33732 33594653 3101972 843 5262 167774416 0 0 0
1450064497618 cpu  1983700247 33697774 302207017 16955221 22970 1040201281 3456121242 0 0 0
1450064497618 cpu0 672082959 33311 67155149 7994173 19025 939525086 3187678695 0 0 0
1450064497618 cpu1 571627044 40944 67184478 2870430 1945 100663469 67110421 0 0 0
1450064497618 cpu2 537872012 33589787 134272737 2988640 1157 7464 33557710 0 0 0
1450064497618 cpu3 202118232 33732 33594653 3101978 843 5262 167774416 0 0 0
1450064497718 cpu  1983700256 33697774 302207018 16955249 22970 1040201281 3456121242 0 0 0
1450064497718 cpu0 672082962 33311 67155149 7994178 19025 939525086 3187678695 0 0 0
1450064497718 cpu1 571627046 40944 67184478 2870438 1945 100663469 67110421 0 0 0
1450064497718 cpu2 537872013 33589787 134272738 2988648 1157 7464 33557710 0 0 0
1450064497718 cpu3 202118235 33732 33594653 3101985 843 5262 167774416 0 0 0
1450064497806 cpu  1983700264 33697774 302207018 16955273 22970 1040201281 3456121242 0 0 0
1450064497806 cpu0 672082964 33311 67155149 7994183 19025 939525086 3187678695 0 0 0
1450064497806 cpu1 571627048 40944 67184478 2870444 1945 100663469 67110421 0 0 0
1450064497806 cpu2 537872016 33589787 134272738 2988653 1157 7464 33557710 0 0 0
1450064497806 cpu3 202118236 33732 33594653 3101993 843 5262 167774416 0 0 0
1450064497910 cpu  1983700267 33697774 302207018 16955312 22970 1040201281 3456121242 0 0 0
1450064497910 cpu0 672082965 33311 67155149 7994192 19025 939525086 3187678695 0 0 0
1450064497910 cpu1 571627049 40944 67184478 2870454 1945 100663469 67110421 0 0 0
1450064497910 cpu2 537872017 33589787 134272738 2988663 1157 7464 33557710 0 0 0
1450064497910 cpu3 202118236 33732 33594653 3102003 843 5262 167774416 0 0 0
1450064498013 cpu  1983700283 33697774 302207020 16955334 22970 1040201281 3456121243 0 0 0
1450064498013 cpu0 672082969 33311 67155149 7994197 19025 939525086 3187678696 0 0 0
1450064498013 cpu1 571627054 40944 67184479 2870458 1945 100663469 67110421 0 0 0
1450064498013 cpu2 537872021 33589787 134272738 2988669 1157 7464 33557710 0 0 0
1450064498013 cpu3 202118239 33732 33594654 3102010 843 5262 167774416 0 0 0
1450064498075 cpu  1983700299 33697774 302207020 16955336 22970 1040201281 3456121243 0 0 0
1450064498075 cpu0 672082972 33311 67155149 7994198 19025 939525086 3187678696 0 0 0
1450064498075 cpu1 571627058 40944 67184479 2870458 1945 100663469 67110421 0 0 0
1450064498075 cpu2 537872026 33589787 134272738 2988669 1157 7464 33557710 0 0 0
1450064498075 cpu3 202118243 33732 33594654 3102011 843 5262 167774416 0 0 0
1450064498168 cpu  1983700322 33697774 302207020 16955346 22970 1040201281 3456121243 0 0 0
1450064498168 cpu0 672082975 33311 67155149 7994203 19025 939525086 3187678696 0 0 0
1450064498168 cpu1 571627066 40944 67184479 2870459 1945 100663469 67110421 0 0 0
1450064498168 cpu2 537872031 33589787 134272738 2988672 1157 7464 33557710 0 0 0
1450064498168 cpu3 202118250 33732 33594654 3102012 843 5262 167774416 0 0 0
1450064498264 cpu  1983700333 33697774 302207020 16955371 22970 1040201281 3456121243 0 0 0
1450064498264 cpu0 672082977 33311 67155149 7994209 19025 939525086 3187678696 0 0 0
1450064498264 cpu1 571627071 40944 67184479 2870464 1945 100663469 67110421 0 0 0
1450064498264 cpu2 537872033 33589787 134272738 2988679 1157 7464 33557710 0 0 0
1450064498264 cpu3 202118252 33732 33594654 3102019 843 5262 167774416 0 0 0
1450064498333 cpu  1983700338 33697774 302207020 16955393 22970 1040201281 3456121243 0 0 0
1450064498333 cpu0 672082978 33311 67155149 7994215 19025 939525086 3187678696 0 0 0
1450064498333 cpu1 571627072 40944 67184479 2870469 1945 100663469 67110421 0 0 0
1450064498333 cpu2 537872035 33589787 134272738 2988684 1157 7464 33557710 0 0 0
1450064498333 cpu3 202118253 33732 33594654 3102025 843 5262 167774416 0 0 0
1450064498434 cpu  1983700353 33697774 302207021 16955413 22970 1040201281 3456121244 0 0 0
1450064498434 cpu0 672082980 33311 67155150 7994220 19025 939525086 3187678697 0 0 0
1450064498434 cpu1 571627076 40944 67184479 2870474 1945 100663469 67110421 0 0 0
1450064498434 cpu2 537872039 33589787 134272738 2988690 1157 7464 33557710 0 0 0
1450064498434 cpu3 202118258 33732 33594654 3102029 843 5262 167774416 0 0 0
1450064498520 cpu  1983700365 33697774 302207021 16955435 22970 1040201281 3456121244 0 0 0
1450064498520 cpu0 672082983 33311 67155150 7994225 19025 939525086 3187678697 0 0 0
1450064498520 cpu1 571627077 40944 67184479 2870481 1945 100663469 67110421 0 0 0
1450064498520 cpu2 537872045 33589787 134272738 2988692 1157 7464 33557710 0 0 0
1450064498520 cpu3 202118260 33732 33594654 3102037 843 5262 167774416 0 0 0
1450064498604 cpu  1983700373 33697774 302207021 16955457 22970 1040201281 3456121244 0 0 0
1450064498604 cpu0 672082985 33311 67155150 7994231 19025 939525086 3187678697 0 0 0
1450064498604 cpu1 571627083 40944 67184479 2870483 1945 100663469 67110421 0 0 0
1450064498604 cpu2 537872045 33589787 134272738 2988699 1157 7464 33557710 0 0 0
1450064498604 cpu3 202118260 33732 33594654 3102044 843 5262 167774416 0 0 0
1450064498698 cpu  1983700386 33697774 302207021 16955482 22970 1040201281 3456121244 0 0 0
1450064498698 cpu0 672082988 33311 67155150 7994238 19025 939525086 3187678697 0 0 0
1450064498698 cpu1 571627091 40944 67184479 2870485 1945 100663469 67110421 0 0 0
1450064498698 cpu2 537872047 33589787 134272738 2988706 1157 7464 33557710 0 0 0
1450064498698 cpu3 202118260 33732 33594654 3102053 843 5262 167774416 0 0 0
1450064498795 cpu  1983700404 33697774 302207024 16955494 22970 1040201281 3456121244 0 0 0
1450064498795 cpu0 672082990 33311 67155150 7994242 19025 939525086 3187678697 0 0 0
1450064498795 cpu1 571627098 40944 67184480 2870485 1945 100663469 67110421 0 0 0
1450064498795 cpu2 537872052 33589787 134272740 2988709 1157 7464 33557710 0 0 0
1450064498795 cpu3 202118264 33732 33594654 3102058 843 5262 167774416 0 0 0
1450064498876 cpu  1983700419 33697774 302207025 16955510 22970 1040201281 3456121244 0 0 0
1450064498876 cpu0 672082991 33311 67155150 7994247 19025 939525086 3187678697 0 0 0
1450064498876 cpu1 571627107 40944 67184480 2870485 1945 100663469 67110421 0 0 0
1450064498876 cpu2 537872054 33589787 134272740 2988715 1157 7464 33557710 0 0 0
1450064498876 cpu3 202118267 33732 33594655 3102063 843 5262 167774416 0 0 0
1450064498975 cpu  1983700437 33697774 302207025 16955526 22970 1040201281 3456121244 0 0 0
1450064498975 cpu0 672082996 33311 67155150 7994250 19025 939525086 3187678697 0 0 0
1450064498975 cpu1 571627114 40944 67184480 2870487 1945 100663469 67110421 0 0 0
1450064498975 cpu2 537872057 33589787 134272740 2988721 1157 7464 33557710 0 0 0
1450064498975 cpu3 202118270 33732 33594655 3102068 843 5262 167774416 0 0 0
1450064499074 cpu  1983700457 33697774 302207025 16955542 22970 1040201281 3456121244 0 0 0
1450064499074 cpu0 672082998 33311 67155150 7994256 19025 939525086 3187678697 0 0 0
1450064499074 cpu1 571627120 40944 67184480 2870490 1945 100663469 67110421 0 0 0
1450064499074 cpu2 537872062 33589787 134272740 2988726 1157 7464 33557710 0 0 0
1450064499074 cpu3 202118277 33732 33594655 3102070 843 5262 167774416 0 0 0
1450064499141 cpu  1983700468 33697774 302207026 16955555 22970 1040201281 3456121245 0 0 0
1450064499141 cpu0 672083000 33311 67155150 7994259 19025 939525086 3187678698 0 0 0
1450064499141 cpu1 571627122 40944 67184481 2870494 1945 100663469 67110421 0 0 0
1450064499141 cpu2 537872063 33589787 134272740 2988731 1157 7464 33557710 0 0 0
1450064499141 cpu3 202118283 33732 33594655 3102071 843 5262 167774416 0 0 0
1450064499238 cpu  1983700487 33697775 302207029 16955566 22970 1040201281 3456121245 0 0 0
1450064499238 cpu0 672083004 33311 67155150 7994264 19025 939525086 3187678698 0 0 0
1450064499238 cpu1 571627126 40944 67184482 2870497 1945 100663469 67110421 0 0 0
1450064499238 cpu2 537872068 33589787 134272740 2988734 1157 7464 33557710 0 0 0
1450064499238 cpu3 202118289 33733 33594657 3102071 843 5262 167774416 0 0 0
1450064499338 cpu  1983700507 33697778 302207030 16955577 22970 1040201281 3456121245 0 0 0
1450064499338 cpu0 672083007 33312 67155151 7994267 19025 939525086 3187678698 0 0 0
1450064499338 cpu1 571627132 40944 67184482 2870500 1945 100663469 67110421 0 0 0
1450064499338 cpu2 537872071 33589789 134272740 2988738 1157 7464 33557710 0 0 0
1450064499338 cpu3 202118297 33733 33594657 3102072 843 5262 167774416 0 0 0
1450064499439 cpu  1983700526 33697784 302207032 16955586 22970 1040201281 3456121245 0 0 0
1450064499439 cpu0 672083011 33314 67155151 7994270 19025 939525086 3187678698 0 0 0
1450064499439 cpu1 571627137 40944 67184482 2870504 1945 100663469 67110421 0 0 0
1450064499439 cpu2 537872074 33589792 134272741 2988740 1157 7464 33557710 0 0 0
1450064499439 cpu3 202118304 33734 33594658 3102072 843 5262 167774416 0 0 0
1450064499540 cpu  1983700542 33697784 302207035 16955605 22970 1040201281 3456121245 0 0 0
1450064499540 cpu0 672083013 33314 67155152 7994276 19025 939525086 3187678698 0 0 0
1450064499540 cpu1 571627139 40944 67184483 2870511 1945 100663469 67110421 0 0 0
1450064499540 cpu2 537872078 33589792 134272741 2988746 1157 7464 33557710 0 0 0
1450064499540 cpu3 202118312 33734 33594659 3102072 843 5262 167774416 0 0 0
1450064499641 cpu  1983700555 33697784 302207035 16955630 22970 1040201281 3456121245 0 0 0
1450064499641 cpu0 672083014 33314 67155152 7994284 19025 939525086 3187678698 0 0 0
1450064499641 cpu1 571627140 40944 67184483 2870519 1945 100663469 67110421 0 0 0
1450064499641 cpu2 537872079 33589792 134272741 2988755 1157 7464 33557710 0 0 0
1450064499641 cpu3 202118322 33734 33594659 3102072 843 5262 167774416 0 0 0
1450064499744 cpu  1983700571 33697784 302207039 16955649 22970 1040201281 3456121245 0 0 0
1450064499744 cpu0 672083017 33314 67155153 7994289 19025 939525086 3187678698 0 0 0
1450064499744 cpu1 571627142 40944 67184484 2870526 1945 100663469 67110421 0 0 0
1450064499744 cpu2 537872081 33589792 134272742 2988762 1157 7464 33557710 0 0 0
1450064499744 cpu3 202118331 33734 33594660 3102072 843 5262 167774416 0 0 0
1450064499845 cpu  1983700584 33697789 302207040 16955667 22970 1040201281 3456121245 0 0 0
1450064499845 cpu0 672083020 33314 67155153 7994295 19025 939525086 3187678698 0 0 0
1450064499845 cpu1 571627144 40945 67184485 2870532 1945 100663469 67110421 0 0 0
1450064499845 cpu2 537872084 33589792 134272742 2988768 1157 7464 33557710 0 0 0
1450064499845 cpu3 202118336 33738 33594660 3102072 843 5262 167774416 0 0 0
1450064499938 cpu  1983700602 33697795 302207043 16955672 22970 1040201281 3456121245 0 0 0
1450064499938 cpu0 672083023 33315 67155153 7994298 19025 939525086 3187678698 0 0 0
1450064499938 cpu1 571627149 40947 67184486 2870532 1945 100663469 67110421 0 0 0
1450064499938 cpu2 537872089 33589792 134272743 2988770 1157 7464 33557710 0 0 0
1450064499938 cpu3 202118341 33741 33594661 3102072 843 5262 167774416 0 0 0
1450064500039 cpu  1983700623 33697801 302207043 16955682 22970 1040201281 3456121245 0 0 0
1450064500039 cpu0 672083027 33316 67155153 7994301 19025 939525086 3187678698 0 0 0
1450064500039 cpu1 571627153 40951 67184486 2870534 1945 100663469 67110421 0 0 0
1450064500039 cpu2 537872095 33589792 134272743 2988773 1157 7464 33557710 0 0 0
1450064500039 cpu3 202118348 33742 33594661 3102074 843 5262 167774416 0 0 0
1450064500139 cpu  1983700635 33697801 302207043 16955708 22970 1040201281 3456121245 0 0 0
1450064500139 cpu0 672083027 33316 67155153 7994310 19025 939525086 3187678698 0 0 0
1450064500139 cpu1 571627161 40951 67184486 2870535 1945 100663469 67110421 0 0 0
1450064500139 cpu2 537872096 33589792 134272743 2988782 1157 7464 33557710 0 0 0
1450064500139 cpu3 202118351 33742 33594661 3102081 843 5262 167774416 0 0 0
1450064500231 cpu  1983700648 33697801 302207043 16955730 22970 1040201281 3456121245 0 0 0
1450064500231 cpu0 672083029 33316 67155153 7994317 19025 939525086 3187678698 0 0 0
1450064500231 cpu1 571627169 40951 67184486 2870536 1945 100663469 67110421 0 0 0
1450064500231 cpu2 537872097 33589792 134272743 2988790 1157 7464 33557710 0 0 0
1450064500231 cpu3 202118353 33742 33594661 3102087 843 5262 167774416 0 0 0
1450064500334 cpu  1983700661 33697801 302207043 16955756 22970 1040201282 3456121245 0 0 0
1450064500334 cpu0 672083030 33316 67155153 7994325 19025 939525086 3187678698 0 0 0
1450064500334 cpu1 571627175 40951 67184486 2870540 1945 100663469 67110421 0 0 0
1450064500334 cpu2 537872101 33589792 134272743 2988796 1157 7465 33557710 0 0 0
1450064500334 cpu3 202118355 33742 33594661 3102095 843 5262 167774416 0 0 0
1450064500437 cpu  1983700675 33697802 302207044 16955781 22970 1040201282 3456121246 0 0 0
1450064500437 cpu0 672083031 33316 67155153 7994333 19025 939525086 3187678699 0 0 0
1450064500437 cpu1 571627181 40951 67184486 2870545 1945 100663469 67110421 0 0 0
1450064500437 cpu2 537872106 33589793 134272744 2988799 1157 7465 33557710 0 0 0
1450064500437 cpu3 202118357 33742 33594661 3102104 843 5262 167774416 0 0 0
1450064500535 cpu  1983700684 33697802 302207044 16955807 22970 1040201282 3456121246 0 0 0
1450064500535 cpu0 672083032 33316 67155153 7994341 19025 939525086 3187678699 0 0 0
1450064500535 cpu1 571627184 40951 67184486 2870550 1945 100663469 67110421 0 0 0
1450064500535 cpu2 537872107 33589793 134272744 2988807 1157 7465 33557710 0 0 0
1450064500535 cpu3 202118361 33742 33594661 3102109 843 5262 167774416 0 0 0
1450064500637 cpu  1983700703 33697807 302207048 16955819 22970 1040201282 3456121246 0 0 0
1450064500637 cpu0 672083036 33316 67155154 7994346 19025 939525086 3187678699 0 0 0
1450064500637 cpu1 571627190 40954 67184487 2870551 1945 100663469 67110421 0 0 0
1450064500637 cpu2 537872112 33589794 134272746 2988810 1157 7465 33557710 0 0 0
1450064500637 cpu3 202118365 33743 33594661 3102112 843 5262 167774416 0 0 0
1450064500707 cpu  1983700715 33697807 302207048 16955833 22970 1040201282 3456121246 0 0 0
1450064500707 cpu0 672083037 33316 67155154 7994350 19025 939525086 3187678699 0 0 0
1450064500707 cpu1 571627196 40954 67184487 2870552 1945 100663469 67110421 0 0 0
1450064500707 cpu2 537872115 33589794 134272746 2988814 1157 7465 33557710 0 0 0
1450064500707 cpu3 202118367 33743 33594661 3102117 843 5262 167774416 0 0 0
1450064500788 cpu  1983700731 33697807 302207049 16955846 22970 1040201283 3456121246 0 0 0
1450064500788 cpu0 672083040 33316 67155154 7994354 19025 939525086 3187678699 0 0 0
1450064500788 cpu1 571627203 40954 67184487 2870552 1945 100663469 67110421 0 0 0
1450064500788 cpu2 537872118 33589794 134272747 2988818 1157 7465 33557710 0 0 0
1450064500788 cpu3 202118370 33743 33594661 3102122 843 5263 167774416 0 0 0
1450064500890 cpu  1983700748 33697807 302207049 16955865 22970 1040201283 3456121246 0 0 0
1450064500890 cpu0 672083042 33316 67155154 7994360 19025 939525086 3187678699 0 0 0
1450064500890 cpu1 571627210 40954 67184487 2870554 1945 100663469 67110421 0 0 0
1450064500890 cpu2 537872121 33589794 134272747 2988824 1157 7465 33557710 0 0 0
1450064500890 cpu3 202118375 33743 33594661 3102127 843 5263 167774416 0 0 0
1450064500983 cpu  1983700762 33697810 302207049 16955881 22970 1040201283 3456121246 0 0 0
1450064500983 cpu0 672083043 33316 67155154 7994366 19025 939525086 3187678699 0 0 0
1450064500983 cpu1 571627219 40954 67184487 2870555 1945 100663469 67110421 0 0 0
1450064500983 cpu2 537872124 33589795 134272747 2988828 1157 7465 33557710 0 0 0
1450064500983 cpu3 202118376 33745 33594661 3102132 843 5263 167774416 0 0 0
1450064501078 cpu  1983700781 33697810 302207051 16955898 22970 1040201283 3456121246 0 0 0
1450064501078 cpu0 672083050 33316 67155154 7994369 19025 939525086 3187678699 0 0 0
1450064501078 cpu1 571627224 40954 67184488 2870558 1945 100663469 67110421 0 0 0
1450064501078 cpu2 537872128 33589795 134272747 2988833 1157 7465 33557710 0 0 0
1450064501078 cpu3 202118379 33745 33594662 3102138 843 5263 167774416 0 0 0
1450064501188 cpu  1983700799 33697810 302207055 16955912 22973 1040201283 3456121246 0 0 0
1450064501188 cpu0 672083052 33316 67155155 7994371 19028 939525086 3187678699 0 0 0
1450064501188 cpu1 571627233 40954 67184489 2870558 1945 100663469 67110421 0 0 0
1450064501188 cpu2 537872131 33589795 134272749 2988839 1157 7465 33557710 0 0 0
1450064501188 cpu3 202118383 33745 33594662 3102144 843 5263 167774416 0 0 0
1450064501286 cpu  1983700812 33697810 302207055 16955935 22973 1040201283 3456121246 0 0 0
1450064501286 cpu0 672083054 33316 67155155 7994378 19028 939525086 3187678699 0 0 0
1450064501286 cpu1 571627241 40954 67184489 2870559 1945 100663469 67110421 0 0 0
1450064501286 cpu2 537872132 33589795 134272749 2988847 1157 7465 33557710 0 0 0
1450064501286 cpu3 202118385 33745 33594662 3102151 843 5263 167774416 0 0 0
1450064501358 cpu  1983700829 33697810 302207055 16955943 22973 1040201283 3456121246 0 0 0
1450064501358 cpu0 672083056 33316 67155155 7994381 19028 939525086 3187678699 0 0 0
1450064501358 cpu1 571627248 40954 67184489 2870559 1945 100663469 67110421 0 0 0
1450064501358 cpu2 537872136 33589795 134272749 2988850 1157 7465 33557710 0 0 0
1450064501358 cpu3 202118389 33745 33594662 3102153 843 5263 167774416 0 0 0
1450064501459 cpu  1983700849 33697818 302207056 16955954 22973 1040201283 3456121246 0 0 0
1450064501459 cpu0 672083060 33317 67155155 7994385 19028 939525086 3187678699 0 0 0
1450064501459 cpu1 571627256 40955 67184489 2870559 1945 100663469 67110421 0 0 0
1450064501459 cpu2 537872140 33589796 134272749 2988855 1157 7465 33557710 0 0 0
1450064501459 cpu3 202118393 33750 33594663 3102155 843 5263 167774416 0 0 0
1450064501560 cpu  1983700865 33697819 302207056 16955973 22973 1040201283 3456121246 0 0 0
1450064501560 cpu0 672083061 33318 67155155 7994391 19028 939525086 3187678699 0 0 0
1450064501560 cpu1 571627262 40955 67184489 2870563 1945 100663469 67110421 0 0 0
1450064501560 cpu2 537872145 33589796 134272749 2988859 1157 7465 33557710 0 0 0
1450064501560 cpu3 202118397 33750 33594663 3102160 843 5263 167774416 0 0 0
1450064501626 cpu  1983700877 33697819 302207056 16955986 22973 1040201283 3456121246 0 0 0
1450064501626 cpu0 672083062 33318 67155155 7994395 19028 939525086 3187678699 0 0 0
1450064501626 cpu1 571627269 40955 67184489 2870563 1945 100663469 67110421 0 0 0
1450064501626 cpu2 537872147 33589796 134272749 2988864 1157 7465 33557710 0 0 0
1450064501626 cpu3 202118399 33750 33594663 3102164 843 5263 167774416 0 0 0
1450064501728 cpu  1983700892 33697819 302207057 16956009 22973 1040201283 3456121246 0 0 0
1450064501728 cpu0 672083064 33318 67155155 7994403 19028 939525086 3187678699 0 0 0
1450064501728 cpu1 571627278 40955 67184489 2870563 1945 100663469 67110421 0 0 0
1450064501728 cpu2 537872150 33589796 134272750 2988870 1157 7465 33557710 0 0 0
1450064501728 cpu3 202118400 33750 33594663 3102173 843 5263 167774416 0 0 0
1450064501828 cpu  1983700913 33697822 302207057 16956016 22976 1040201283 3456121246 0 0 0
1450064501828 cpu0 672083068 33318 67155155 7994404 19030 939525086 3187678699 0 0 0
1450064501828 cpu1 571627287 40955 67184489 2870563 1945 100663469 67110421 0 0 0
1450064501828 cpu2 537872154 33589798 134272750 2988872 1158 7465 33557710 0 0 0
1450064501828 cpu3 202118404 33751 33594663 3102177 843 5263 167774416 0 0 0
1450064501929 cpu  1983700926 33697822 302207057 16956040 22976 1040201283 3456121246 0 0 0
1450064501929 cpu0 672083069 33318 67155155 7994411 19030 939525086 3187678699 0 0 0
1450064501929 cpu1 571627297 40955 67184489 2870563 1945 100663469 67110421 0 0 0
1450064501929 cpu2 537872155 33589798 134272750 2988880 1158 7465 33557710 0 0 0
1450064501929 cpu3 202118405 33751 33594663 3102186 843 5263 167774416 0 0 0
1450064502028 cpu  1983700944 33697822 302207057 16956061 22976 1040201283 3456121246 0 0 0
1450064502028 cpu0 672083072 33318 67155155 7994418 19030 939525086 3187678699 0 0 0
1450064502028 cpu1 571627306 40955 67184489 2870564 1945 100663469 67110421 0 0 0
1450064502028 cpu2 537872158 33589798 134272750 2988887 1158 7465 33557710 0 0 0
1450064502028 cpu3 202118408 33751 33594663 3102192 843 5263 167774416 0 0 0
1450064502128 cpu  1983700962 33697822 302207058 16956080 22976 1040201283 3456121247 0 0 0
1450064502128 cpu0 672083074 33318 67155156 7994424 19030 939525086 3187678700 0 0 0
1450064502128 cpu1 571627315 40955 67184489 2870564 1945 100663469 67110421 0 0 0
1450064502128 cpu2 537872162 33589798 134272750 2988893 1158 7465 33557710 0 0 0
1450064502128 cpu3 202118411 33751 33594663 3102199 843 5263 167774416 0 0 0
1450064502228 cpu  1983700980 33697829 302207058 16956089 22976 1040201283 3456121247 0 0 0
1450064502228 cpu0 672083078 33318 67155156 7994428 19030 939525086 3187678700 0 0 0
1450064502228 cpu1 571627325 40955 67184489 2870564 1945 100663469 67110421 0 0 0
1450064502228 cpu2 537872163 33589801 134272750 2988897 1158 7465 33557710 0 0 0
1450064502228 cpu3 202118414 33755 33594663 3102200 843 5263 167774416 0 0 0
1450064502328 cpu  1983700997 33697831 302207059 16956108 22976 1040201283 3456121247 0 0 0
1450064502328 cpu0 672083081 33318 67155156 7994435 19030 939525086 3187678700 0 0 0
1450064502328 cpu1 571627334 40955 67184489 2870564 1945 100663469 67110421 0 0 0
1450064502328 cpu2 537872167 33589802 134272751 2988901 1158 7465 33557710 0 0 0
1450064502328 cpu3 202118415 33756 33594663 3102208 843 5263 167774416 0 0 0
1450064502428 cpu  1983701010 33697831 302207059 16956134 22976 1040201283 3456121247 0 0 0
1450064502428 cpu0 672083082 33318 67155156 7994443 19030 939525086 3187678700 0 0 0
1450064502428 cpu1 571627344 40955 67184489 2870564 1945 100663469 67110421 0 0 0
1450064502428 cpu2 537872168 33589802 134272751 2988910 1158 7465 33557710 0 0 0
1450064502428 cpu3 202118416 33756 33594663 3102217 843 5263 167774416 0 0 0
1450064502516 cpu  1983701021 33697831 302207060 16956155 22976 1040201283 3456121247 0 0 0
1450064502516 cpu0 672083083 33318 67155156 7994450 19030 939525086 3187678700 0 0 0
1450064502516 cpu1 571627351 40955 67184490 2870564 1945 100663469 67110421 0 0 0
1450064502516 cpu2 537872169 33589802 134272751 2988917 1158 7465 33557710 0 0 0
1450064502516 cpu3 202118418 33756 33594663 3102224 843 5263 167774416 0 0 0
1450064502618 cpu  1983701041 33697831 302207062 16956172 22976 1040201283 3456121247 0 0 0
1450064502618 cpu0 672083086 33318 67155156 7994457 19030 939525086 3187678700 0 0 0
1450064502618 cpu1 571627359 40955 67184491 2870565 1945 100663469 67110421 0 0 0
1450064502618 cpu2 537872173 33589802 134272751 2988922 1158 7465 33557710 0 0 0
1450064502618 cpu3 202118423 33756 33594664 3102228 843 5263 167774416 0 0 0
1450064502718 cpu  1983701059 33697832 302207063 16956191 22976 1040201283 3456121248 0 0 0
1450064502718 cpu0 672083089 33318 67155156 7994463 19030 939525086 3187678700 0 0 0
1450064502718 cpu1 571627367 40955 67184492 2870566 1945 100663469 67110421 0 0 0
1450064502718 cpu2 537872176 33589803 134272751 2988928 1158 7465 33557711 0 0 0
1450064502718 cpu3 202118427 33756 33594664 3102234 843 5263 167774416 0 0 0
1450064502819 cpu  1983701075 33697832 302207066 16956212 22976 1040201283 3456121248 0 0 0
1450064502819 cpu0 672083093 33318 67155156 7994468 19030 939525086 3187678700 0 0 0
1450064502819 cpu1 571627375 40955 67184494 2870566 1945 100663469 67110421 0 0 0
1450064502819 cpu2 537872179 33589803 134272752 2988935 1158 7465 33557711 0 0 0
1450064502819 cpu3 202118428 33756 33594664 3102243 843 5263 167774416 0 0 0
1450064502919 cpu  1983701095 33697833 302207066 16956227 22976 1040201283 3456121248 0 0 0
1450064502919 cpu0 672083096 33319 67155156 7994473 19030 939525086 3187678700 0 0 0
1450064502919 cpu1 571627384 40955 67184494 2870566 1945 100663469 67110421 0 0 0
1450064502919 cpu2 537872183 33589803 134272752 2988940 1158 7465 33557711 0 0 0
1450064502919 cpu3 202118432 33756 33594664 3102248 843 5263 167774416 0 0 0
1450064503003 cpu  1983701112 33697833 302207066 16956242 22976 1040201283 3456121248 0 0 0
1450064503003 cpu0 672083099 33319 67155156 7994478 19030 939525086 3187678700 0 0 0
1450064503003 cpu1 571627392 40955 67184494 2870566 1945 100663469 67110421 0 0 0
1450064503003 cpu2 537872185 33589803 134272752 2988946 1158 7465 33557711 0 0 0
1450064503003 cpu3 202118436 33756 33594664 3102252 843 5263 167774416 0 0 0
1450064503104 cpu  1983701128 33697833 302207066 16956263 22976 1040201283 3456121248 0 0 0
1450064503104 cpu0 672083100 33319 67155156 7994485 19030 939525086 3187678700 0 0 0
1450064503104 cpu1 571627402 40955 67184494 2870566 1945 100663469 67110421 0 0 0
1450064503104 cpu2 537872187 33589803 134272752 2988953 1158 7465 33557711 0 0 0
1450064503104 cpu3 202118439 33756 33594664 3102259 843 5263 167774416 0 0 0
1450064503198 cpu  1983701149 33697839 302207069 16956267 22976 1040201283 3456121248 0 0 0
1450064503198 cpu0 672083105 33320 67155157 7994486 19030 939525086 3187678700 0 0 0
1450064503198 cpu1 571627408 40958 67184494 2870566 1945 100663469 67110421 0 0 0
1450064503198 cpu2 537872192 33589805 134272753 2988954 1158 7465 33557711 0 0 0
1450064503198 cpu3 202118444 33756 33594665 3102261 843 5263 167774416 0 0 0
1450064503298 cpu  1983701169 33697840 302207069 16956285 22976 1040201283 3456121248 0 0 0
1450064503298 cpu0 672083109 33320 67155157 7994492 19030 939525086 3187678700 0 0 0
1450064503298 cpu1 571627415 40959 67184494 2870567 1945 100663469 67110421 0 0 0
1450064503298 cpu2 537872199 33589805 134272753 2988958 1158 7465 33557711 0 0 0
1450064503298 cpu3 202118446 33756 33594665 3102268 843 5263 167774416 0 0 0
1450064503398 cpu  1983701187 33697841 302207069 16956302 22976 1040201283 3456121248 0 0 0
1450064503398 cpu0 672083112 33320 67155157 7994497 19030 939525086 3187678700 0 0 0
1450064503398 cpu1 571627421 40959 67184494 2870571 1945 100663469 67110421 0 0 0
1450064503398 cpu2 537872205 33589806 134272753 2988959 1158 7465 33557711 0 0 0
1450064503398 cpu3 202118449 33756 33594665 3102275 843 5263 167774416 0 0 0
1450064503498 cpu  1983701213 33697844 302207070 16956309 22976 1040201283 3456121248 0 0 0
1450064503498 cpu0 672083119 33320 67155157 7994499 19030 939525086 3187678700 0 0 0
1450064503498 cpu1 571627427 40961 67184494 2870572 1945 100663469 67110421 0 0 0
1450064503498 cpu2 537872212 33589807 134272753 2988960 1158 7465 33557711 0 0 0
1450064503498 cpu3 202118455 33756 33594666 3102278 843 5263 167774416 0 0 0
1450064503592 cpu  1983701231 33697844 302207070 16956323 22976 1040201283 3456121248 0 0 0
1450064503592 cpu0 672083122 33320 67155157 7994504 19030 939525086 3187678700 0 0 0
1450064503592 cpu1 571627433 40961 67184494 2870574 1945 100663469 67110421 0 0 0
1450064503592 cpu2 537872218 33589807 134272753 2988962 1158 7465 33557711 0 0 0
1450064503592 cpu3 202118458 33756 33594666 3102283 843 5263 167774416 0 0 0
1450064503692 cpu  1983701252 33697845 302207070 16956335 22977 1040201283 3456121248 0 0 0
1450064503692 cpu0 672083125 33320 67155157 7994508 19031 939525086 3187678700 0 0 0
1450064503692 cpu1 571627439 40961 67184494 2870577 1945 100663469 67110421 0 0 0
1450064503692 cpu2 537872226 33589807 134272753 2988962 1158 7465 33557711 0 0 0
1450064503692 cpu3 202118462 33757 33594666 3102288 843 5263 167774416 0 0 0
1450064503793 cpu  1983701275 33697848 302207070 16956347 22977 1040201283 3456121248 0 0 0
1450064503793 cpu0 672083129 33320 67155157 7994512 19031 939525086 3187678700 0 0 0
1450064503793 cpu1 571627445 40962 67184494 2870579 1945 100663469 67110421 0 0 0
1450064503793 cpu2 537872234 33589808 134272753 2988964 1158 7465 33557711 0 0 0
1450064503793 cpu3 202118467 33758 33594666 3102292 843 5263 167774416 0 0 0
1450064503888 cpu  1983701288 33697848 302207072 16956366 22977 1040201283 3456121248 0 0 0
1450064503888 cpu0 672083130 33320 67155157 7994518 19031 939525086 3187678700 0 0 0
1450064503888 cpu1 571627450 40962 67184495 2870582 1945 100663469 67110421 0 0 0
1450064503888 cpu2 537872238 33589808 134272754 2988968 1158 7465 33557711 0 0 0
1450064503888 cpu3 202118470 33758 33594666 3102298 843 5263 167774416 0 0 0
1450064503988 cpu  1983701309 33697848 302207073 16956380 22977 1040201283 3456121249 0 0 0
1450064503988 cpu0 672083133 33320 67155157 7994523 19031 939525086 3187678701 0 0 0
1450064503988 cpu1 571627458 40962 67184495 2870584 1945 100663469 67110421 0 0 0
1450064503988 cpu2 537872244 33589808 134272755 2988970 1158 7465 33557711 0 0 0
1450064503988 cpu3 202118474 33758 33594666 3102303 843 5263 167774416 0 0 0
1450064504073 cpu  1983701316 33697848 302207074 16956404 22977 1040201283 3456121249 0 0 0
1450064504073 cpu0 672083135 33320 67155157 7994528 19031 939525086 3187678701 0 0 0
1450064504073 cpu1 571627459 40962 67184495 2870591 1945 100663469 67110421 0 0 0
1450064504073 cpu2 537872247 33589808 134272756 2988975 1158 7465 33557711 0 0 0
1450064504073 cpu3 202118475 33758 33594666 3102310 843 5263 167774416 0 0 0
1450064504168 cpu  1983701328 33697848 302207074 16956425 22977 1040201283 3456121249 0 0 0
1450064504168 cpu0 672083137 33320 67155157 7994533 19031 939525086 3187678701 0 0 0
1450064504168 cpu1 571627462 40962 67184495 2870597 1945 100663469 67110421 0 0 0
1450064504168 cpu2 537872251 33589808 134272756 2988979 1158 7465 33557711 0 0 0
1450064504168 cpu3 202118478 33758 33594666 3102316 843 5263 167774416 0 0 0
1450064504261 cpu  1983701349 33697848 302207075 16956439 22977 1040201283 3456121249 0 0 0
1450064504261 cpu0 672083141 33320 67155158 7994536 19031 939525086 3187678701 0 0 0
1450064504261 cpu1 571627468 40962 67184495 2870600 1945 100663469 67110421 0 0 0
1450064504261 cpu2 537872257 33589808 134272756 2988982 1158 7465 33557711 0 0 0
1450064504261 cpu3 202118483 33758 33594666 3102321 843 5263 167774416 0 0 0
1450064504361 cpu  1983701366 33697850 302207075 16956453 22977 1040201283 3456121249 0 0 0
1450064504361 cpu0 672083144 33320 67155158 7994541 19031 939525086 3187678701 0 0 0
1450064504361 cpu1 571627471 40964 67184495 2870603 1945 100663469 67110421 0 0 0
1450064504361 cpu2 537872265 33589808 134272756 2988983 1158 7465 33557711 0 0 0
1450064504361 cpu3 202118486 33758 33594666 3102326 843 5263 167774416 0 0 0
1450064504458 cpu  1983701391 33697854 302207076 16956455 22977 1040201283 3456121249 0 0 0
1450064504458 cpu0 672083148 33322 67155158 7994542 19031 939525086 3187678701 0 0 0
1450064504458 cpu1 571627477 40966 67184496 2870603 1945 100663469 67110421 0 0 0
1450064504458 cpu2 537872273 33589808 134272756 2988983 1158 7465 33557711 0 0 0
1450064504458 cpu3 202118493 33758 33594666 3102327 843 5263 167774416 0 0 0
1450064504531 cpu  1983701407 33697855 302207076 16956466 22977 1040201284 3456121249 0 0 0
1450064504531 cpu0 672083150 33322 67155158 7994547 19031 939525086 3187678701 0 0 0
1450064504531 cpu1 571627482 40966 67184496 2870605 1945 100663469 67110421 0 0 0
1450064504531 cpu2 537872278 33589809 134272756 2988984 1158 7466 33557711 0 0 0
1450064504531 cpu3 202118497 33758 33594666 3102330 843 5263 167774416 0 0 0
1450064504632 cpu  1983701426 33697855 302207078 16956482 22977 1040201284 3456121249 0 0 0
1450064504632 cpu0 672083153 33322 67155158 7994552 19031 939525086 3187678701 0 0 0
1450064504632 cpu1 571627491 40966 67184496 2870606 1945 100663469 67110421 0 0 0
1450064504632 cpu2 537872281 33589809 134272757 2988989 1158 7466 33557711 0 0 0
1450064504632 cpu3 202118501 33758 33594667 3102335 843 5263 167774416 0 0 0
1450064504733 cpu  1983701447 33697855 302207079 16956493 22977 1040201284 3456121249 0 0 0
1450064504733 cpu0 672083155 33322 67155158 7994556 19031 939525086 3187678701 0 0 0
1450064504733 cpu1 571627499 40966 67184497 2870606 1945 100663469 67110421 0 0 0
1450064504733 cpu2 537872286 33589809 134272757 2988993 1158 7466 33557711 0 0 0
1450064504733 cpu3 202118507 33758 33594667 3102338 843 5263 167774416 0 0 0
1450064504800 cpu  1983701455 33697855 302207079 16956508 22977 1040201284 3456121250 0 0 0
1450064504800 cpu0 672083156 33322 67155158 7994560 19031 939525086 3187678702 0 0 0
1450064504800 cpu1 571627503 40966 67184497 2870608 1945 100663469 67110421 0 0 0
1450064504800 cpu2 537872288 33589809 134272757 2988997 1158 7466 33557711 0 0 0
1450064504800 cpu3 202118508 33758 33594667 3102343 843 5263 167774416 0 0 0
1450064504898 cpu  1983701473 33697856 302207079 16956524 22977 1040201284 3456121250 0 0 0
1450064504898 cpu0 672083158 33322 67155158 7994566 19031 939525086 3187678702 0 0 0
1450064504898 cpu1 571627508 40966 67184497 2870611 1945 100663469 67110421 0 0 0
1450064504898 cpu2 537872294 33589809 134272757 2988999 1158 7466 33557711 0 0 0
1450064504898 cpu3 202118513 33759 33594667 3102348 843 5263 167774416 0 0 0
1450064504999 cpu  1983701488 33697856 302207080 16956545 22977 1040201284 3456121250 0 0 0
1450064504999 cpu0 672083160 33322 67155158 7994572 19031 939525086 3187678702 0 0 0
1450064504999 cpu1 571627511 40966 67184497 2870618 1945 100663469 67110421 0 0 0
1450064504999 cpu2 537872302 33589809 134272757 2989001 1158 7466 33557711 0 0 0
1450064504999 cpu3 202118515 33759 33594668 3102354 843 5263 167774416 0 0 0
1450064505086 cpu  1983701500 33697856 302207080 16956566 22977 1040201284 3456121250 0 0 0
1450064505086 cpu0 672083162 33322 67155158 7994578 19031 939525086 3187678702 0 0 0
1450064505086 cpu1 571627513 40966 67184497 2870624 1945 100663469 67110421 0 0 0
1450064505086 cpu2 537872310 33589809 134272757 2989002 1158 7466 33557711 0 0 0
1450064505086 cpu3 202118515 33759 33594668 3102362 843 5263 167774416 0 0 0
1450064505158 cpu  1983701515 33697859 302207082 16956572 22977 1040201284 3456121250 0 0 0
1450064505158 cpu0 672083165 33323 67155158 7994579 19031 939525086 3187678702 0 0 0
1450064505158 cpu1 571627516 40967 67184498 2870627 1945 100663469 67110421 0 0 0
1450064505158 cpu2 537872315 33589810 134272758 2989002 1158 7466 33557711 0 0 0
1450064505158 cpu3 202118519 33759 33594668 3102364 843 5263 167774416 0 0 0
1450064505264 cpu  1983701533 33697859 302207083 16956592 22977 1040201284 3456121250 0 0 0
1450064505264 cpu0 672083166 33323 67155158 7994587 19031 939525086 3187678702 0 0 0
1450064505264 cpu1 571627518 40967 67184499 2870634 1945 100663469 67110421 0 0 0
1450064505264 cpu2 537872322 33589810 134272758 2989004 1158 7466 33557711 0 0 0
1450064505264 cpu3 202118527 33759 33594668 3102367 843 5263 167774416 0 0 0
1450064505366 cpu  1983701551 33697859 302207084 16956611 22977 1040201284 3456121250 0 0 0
1450064505366 cpu0 672083169 33323 67155159 7994593 19031 939525086 3187678702 0 0 0
1450064505366 cpu1 571627522 40967 67184499 2870640 1945 100663469 67110421 0 0 0
1450064505366 cpu2 537872330 33589810 134272758 2989006 1158 7466 33557711 0 0 0
1450064505366 cpu3 202118530 33759 33594668 3102372 843 5263 167774416 0 0 0
1450064505468 cpu  1983701570 33697860 302207085 16956629 22977 1040201284 3456121250 0 0 0
1450064505468 cpu0 672083173 33323 67155159 7994598 19031 939525086 3187678702 0 0 0
1450064505468 cpu1 571627526 40967 67184499 2870645 1945 100663469 67110421 0 0 0
1450064505468 cpu2 537872337 33589810 134272759 2989007 1158 7466 33557711 0 0 0
1450064505468 cpu3 202118534 33760 33594668 3102379 843 5263 167774416 0 0 0
1450064505568 cpu  1983701584 33697862 302207085 16956651 22977 1040201285 3456121250 0 0 0
1450064505568 cpu0 672083175 33324 67155159 7994604 19031 939525086 3187678702 0 0 0
1450064505568 cpu1 571627527 40967 67184499 2870654 1945 100663469 67110421 0 0 0
1450064505568 cpu2 537872347 33589810 134272759 2989007 1158 7466 33557711 0 0 0
1450064505568 cpu3 202118535 33761 33594668 3102386 843 5264 167774416 0 0 0
1450064505668 cpu  1983701606 33697864 302207085 16956663 22977 1040201285 3456121250 0 0 0
1450064505668 cpu0 672083178 33324 67155159 7994609 19031 939525086 3187678702 0 0 0
1450064505668 cpu1 571627535 40967 67184499 2870656 1945 100663469 67110421 0 0 0
1450064505668 cpu2 537872353 33589812 134272759 2989008 1158 7466 33557711 0 0 0
1450064505668 cpu3 202118540 33761 33594668 3102390 843 5264 167774416 0 0 0
1450064505768 cpu  1983701623 33697866 302207085 16956680 22977 1040201285 3456121250 0 0 0
1450064505768 cpu0 672083182 33324 67155159 7994613 19031 939525086 3187678702 0 0 0
1450064505768 cpu1 571627539 40967 67184499 2870660 1945 100663469 67110421 0 0 0
1450064505768 cpu2 537872360 33589812 134272759 2989011 1158 7466 33557711 0 0 0
1450064505768 cpu3 202118542 33763 33594668 3102396 843 5264 167774416 0 0 0
1450064505858 cpu  1983701640 33697866 302207090 16956693 22977 1040201285 3456121250 0 0 0
1450064505858 cpu0 672083185 33324 67155159 7994618 19031 939525086 3187678702 0 0 0
1450064505858 cpu1 571627544 40967 67184500 2870663 1945 100663469 67110421 0 0 0
1450064505858 cpu2 537872366 33589812 134272762 2989011 1158 7466 33557711 0 0 0
1450064505858 cpu3 202118545 33763 33594669 3102401 843 5264 167774416 0 0 0
1450064505959 cpu  1983701662 33697867 302207090 16956707 22977 1040201285 3456121250 0 0 0
1450064505959 cpu0 672083187 33325 67155159 7994624 19031 939525086 3187678702 0 0 0
1450064505959 cpu1 571627550 40967 67184500 2870667 1945 100663469 67110421 0 0 0
1450064505959 cpu2 537872372 33589812 134272762 2989014 1158 7466 33557711 0 0 0
1450064505959 cpu3 202118553 33763 33594669 3102402 843 5264 167774416 0 0 0
1450064506060 cpu  1983701675 33697867 302207092 16956729 22977 1040201285 3456121251 0 0 0
1450064506060 cpu0 672083188 33325 67155159 7994631 19031 939525086 3187678703 0 0 0
1450064506060 cpu1 571627553 40967 67184500 2870674 1945 100663469 67110421 0 0 0
1450064506060 cpu2 537872380 33589812 134272763 2989015 1158 7466 33557711 0 0 0
1450064506060 cpu3 202118554 33763 33594670 3102409 843 5264 167774416 0 0 0
1450064506161 cpu  1983701690 33697868 302207096 16956750 22977 1040201285 3456121251 0 0 0
1450064506161 cpu0 672083191 33325 67155160 7994637 19031 939525086 3187678703 0 0 0
1450064506161 cpu1 571627555 40967 67184501 2870681 1945 100663469 67110421 0 0 0
1450064506161 cpu2 537872388 33589813 134272764 2989015 1158 7466 33557711 0 0 0
1450064506161 cpu3 202118556 33763 33594671 3102417 843 5264 167774416 0 0 0
1450064506275 cpu  1983701704 33697869 302207096 16956771 22983 1040201285 3456121251 0 0 0
1450064506275 cpu0 672083192 33325 67155160 7994640 19037 939525086 3187678703 0 0 0
1450064506275 cpu1 571627556 40968 67184501 2870690 1945 100663469 67110421 0 0 0
1450064506275 cpu2 537872394 33589813 134272764 2989020 1158 7466 33557711 0 0 0
1450064506275 cpu3 202118562 33763 33594671 3102421 843 5264 167774416 0 0 0
1450064506370 cpu  1983701722 33697869 302207097 16956788 22983 1040201285 3456121251 0 0 0
1450064506370 cpu0 672083194 33325 67155160 7994646 19037 939525086 3187678703 0 0 0
1450064506370 cpu1 571627560 40968 67184501 2870695 1945 100663469 67110421 0 0 0
1450064506370 cpu2 537872402 33589813 134272765 2989020 1158 7466 33557711 0 0 0
1450064506370 cpu3 202118566 33763 33594671 3102427 843 5264 167774416 0 0 0
1450064506469 cpu  1983701749 33697871 302207097 16956793 22983 1040201285 3456121251 0 0 0
1450064506469 cpu0 672083199 33325 67155160 7994649 19037 939525086 3187678703 0 0 0
1450064506469 cpu1 571627568 40968 67184501 2870696 1945 100663469 67110421 0 0 0
1450064506469 cpu2 537872410 33589813 134272765 2989020 1158 7466 33557711 0 0 0
1450064506469 cpu3 202118572 33765 33594671 3102428 843 5264 167774416 0 0 0
1450064506570 cpu  1983701774 33697871 302207098 16956806 22983 1040201285 3456121251 0 0 0
1450064506570 cpu0 672083203 33325 67155160 7994654 19037 939525086 3187678703 0 0 0
1450064506570 cpu1 571627576 40968 67184501 2870697 1945 100663469 67110421 0 0 0
1450064506570 cpu2 537872419 33589813 134272766 2989021 1158 7466 33557711 0 0 0
1450064506570 cpu3 202118576 33765 33594671 3102434 843 5264 167774416 0 0 0
1450064506653 cpu  1983701787 33697871 302207098 16956824 22983 1040201285 3456121251 0 0 0
1450064506653 cpu0 672083205 33325 67155160 7994660 19037 939525086 3187678703 0 0 0
1450064506653 cpu1 571627580 40968 67184501 2870701 1945 100663469 67110421 0 0 0
1450064506653 cpu2 537872423 33589813 134272766 2989025 1158 7466 33557711 0 0 0
1450064506653 cpu3 202118579 33765 33594671 3102438 843 5264 167774416 0 0 0
1450064506753 cpu  1983701801 33697873 302207098 16956845 22983 1040201285 3456121251 0 0 0
1450064506753 cpu0 672083207 33325 67155160 7994666 19037 939525086 3187678703 0 0 0
1450064506753 cpu1 571627587 40970 67184501 2870702 1945 100663469 67110421 0 0 0
1450064506753 cpu2 537872425 33589813 134272766 2989032 1158 7466 33557711 0 0 0
1450064506753 cpu3 202118582 33765 33594671 3102445 843 5264 167774416 0 0 0
1450064506849 cpu  1983701816 33697875 302207101 16956864 22983 1040201285 3456121251 0 0 0
1450064506849 cpu0 672083209 33325 67155161 7994672 19037 939525086 3187678703 0 0 0
1450064506849 cpu1 571627595 40970 67184502 2870703 1945 100663469 67110421 0 0 0
1450064506849 cpu2 537872427 33589815 134272766 2989038 1158 7466 33557711 0 0 0
1450064506849 cpu3 202118585 33765 33594672 3102451 843 5264 167774416 0 0 0
1450064506948 cpu  1983701831 33697876 302207104 16956883 22983 1040201285 3456121251 0 0 0
1450064506948 cpu0 672083212 33325 67155162 7994678 19037 939525086 3187678703 0 0 0
1450064506948 cpu1 571627604 40971 67184502 2870703 1945 100663469 67110421 0 0 0
1450064506948 cpu2 537872428 33589815 134272768 2989044 1158 7466 33557711 0 0 0
1450064506948 cpu3 202118587 33765 33594672 3102458 843 5264 167774416 0 0 0
1450064507034 cpu  1983701846 33697876 302207104 16956899 22983 1040201285 3456121252 0 0 0
1450064507034 cpu0 672083214 33325 67155162 7994683 19037 939525086 3187678704 0 0 0
1450064507034 cpu1 571627612 40971 67184502 2870703 1945 100663469 67110421 0 0 0
1450064507034 cpu2 537872431 33589815 134272768 2989049 1158 7466 33557711 0 0 0
1450064507034 cpu3 202118589 33765 33594672 3102464 843 5264 167774416 0 0 0
1450064507128 cpu  1983701859 33697876 302207104 16956923 22983 1040201285 3456121252 0 0 0
1450064507128 cpu0 672083215 33325 67155162 7994691 19037 939525086 3187678704 0 0 0
1450064507128 cpu1 571627621 40971 67184502 2870703 1945 100663469 67110421 0 0 0
1450064507128 cpu2 537872433 33589815 134272768 2989056 1158 7466 33557711 0 0 0
1450064507128 cpu3 202118590 33765 33594672 3102473 843 5264 167774416 0 0 0
1450064507228 cpu  1983701870 33697876 302207105 16956951 22983 1040201285 3456121252 0 0 0
1450064507228 cpu0 672083216 33325 67155162 7994700 19037 939525086 3187678704 0 0 0
1450064507228 cpu1 571627630 40971 67184503 2870703 1945 100663469 67110421 0 0 0
1450064507228 cpu2 537872434 33589815 134272768 2989065 1158 7466 33557711 0 0 0
1450064507228 cpu3 202118590 33765 33594672 3102483 843 5264 167774416 0 0 0
1450064507328 cpu  1983701886 33697876 302207106 16956972 22983 1040201285 3456121252 0 0 0
1450064507328 cpu0 672083220 33325 67155162 7994705 19037 939525086 3187678704 0 0 0
1450064507328 cpu1 571627639 40971 67184504 2870703 1945 100663469 67110421 0 0 0
1450064507328 cpu2 537872435 33589815 134272768 2989073 1158 7466 33557711 0 0 0
1450064507328 cpu3 202118592 33765 33594672 3102491 843 5264 167774416 0 0 0
1450064507431 cpu  1983701907 33697876 302207107 16956983 22984 1040201285 3456121252 0 0 0
1450064507431 cpu0 672083221 33325 67155163 7994710 19038 939525086 3187678704 0 0 0
1450064507431 cpu1 571627647 40971 67184504 2870704 1945 100663469 67110421 0 0 0
1450064507431 cpu2 537872440 33589815 134272768 2989077 1158 7466 33557711 0 0 0
1450064507431 cpu3 202118599 33765 33594672 3102492 843 5264 167774416 0 0 0
1450064507521 cpu  1983701924 33697879 302207109 16956997 22984 1040201285 3456121252 0 0 0
1450064507521 cpu0 672083224 33326 67155163 7994715 19038 939525086 3187678704 0 0 0
1450064507521 cpu1 571627654 40971 67184505 2870704 1945 100663469 67110421 0 0 0
1450064507521 cpu2 537872445 33589816 134272769 2989080 1158 7466 33557711 0 0 0
1450064507521 cpu3 202118601 33766 33594672 3102498 843 5264 167774416 0 0 0
1450064507622 cpu  1983701936 33697879 302207110 16957020 22984 1040201285 3456121252 0 0 0
1450064507622 cpu0 672083225 33326 67155163 7994722 19038 939525086 3187678704 0 0 0
1450064507622 cpu1 571627662 40971 67184505 2870705 1945 100663469 67110421 0 0 0
1450064507622 cpu2 537872447 33589816 134272770 2989087 1158 7466 33557711 0 0 0
1450064507622 cpu3 202118602 33766 33594672 3102506 843 5264 167774416 0 0 0
1450064507722 cpu  1983701956 33697879 302207110 16957038 22984 1040201285 3456121252 0 0 0
1450064507722 cpu0 672083228 33326 67155163 7994728 19038 939525086 3187678704 0 0 0
1450064507722 cpu1 571627670 40971 67184505 2870707 1945 100663469 67110421 0 0 0
1450064507722 cpu2 537872451 33589816 134272770 2989092 1158 7466 33557711 0 0 0
1450064507722 cpu3 202118607 33766 33594672 3102511 843 5264 167774416 0 0 0
1450064507824 cpu  1983701973 33697879 302207110 16957057 22984 1040201285 3456121252 0 0 0
1450064507824 cpu0 672083231 33326 67155163 7994733 19038 939525086 3187678704 0 0 0
1450064507824 cpu1 571627678 40971 67184505 2870709 1945 100663469 67110421 0 0 0
1450064507824 cpu2 537872455 33589816 134272770 2989097 1158 7466 33557711 0 0 0
1450064507824 cpu3 202118609 33766 33594672 3102518 843 5264 167774416 0 0 0
1450064507927 cpu  1983701988 33697879 302207111 16957081 22984 1040201285 3456121252 0 0 0
1450064507927 cpu0 672083233 33326 67155163 7994740 19038 939525086 3187678704 0 0 0
1450064507927 cpu1 571627688 40971 67184505 2870709 1945 100663469 67110421 0 0 0
1450064507927 cpu2 537872457 33589816 134272770 2989105 1158 7466 33557711 0 0 0
1450064507927 cpu3 202118610 33766 33594673 3102527 843 5264 167774416 0 0 0
1450064508030 cpu  1983702007 33697879 302207111 16957101 22984 1040201285 3456121252 0 0 0
1450064508030 cpu0 672083235 33326 67155163 7994747 19038 939525086 3187678704 0 0 0
1450064508030 cpu1 571627698 40971 67184505 2870709 1945 100663469 67110421 0 0 0
1450064508030 cpu2 537872461 33589816 134272770 2989111 1158 7466 33557711 0 0 0
1450064508030 cpu3 202118613 33766 33594673 3102534 843 5264 167774416 0 0 0
1450064508125 cpu  1983702027 33697879 302207112 16957116 22984 1040201285 3456121252 0 0 0
1450064508125 cpu0 672083238 33326 67155163 7994753 19038 939525086 3187678704 0 0 0
1450064508125 cpu1 571627707 40971 67184505 2870709 1945 100663469 67110421 0 0 0
1450064508125 cpu2 537872465 33589816 134272771 2989115 1158 7466 33557711 0 0 0
1450064508125 cpu3 202118617 33766 33594673 3102539 843 5264 167774416 0 0 0
1450064508218 cpu  1983702044 33697879 302207112 16957137 22984 1040201285 3456121252 0 0 0
1450064508218 cpu0 672083240 33326 67155163 7994761 19038 939525086 3187678704 0 0 0
1450064508218 cpu1 571627714 40971 67184505 2870711 1945 100663469 67110421 0 0 0
1450064508218 cpu2 537872468 33589816 134272771 2989122 1158 7466 33557711 0 0 0
1450064508218 cpu3 202118622 33766 33594673 3102543 843 5264 167774416 0 0 0
1450064508318 cpu  1983702058 33697879 302207114 16957159 22984 1040201285 3456121252 0 0 0
1450064508318 cpu0 672083243 33326 67155163 7994767 19038 939525086 3187678704 0 0 0
1450064508318 cpu1 571627722 40971 67184505 2870713 1945 100663469 67110421 0 0 0
1450064508318 cpu2 537872469 33589816 134272771 2989130 1158 7466 33557711 0 0 0
1450064508318 cpu3 202118624 33766 33594675 3102549 843 5264 167774416 0 0 0
1450064508418 cpu  1983702072 33697879 302207114 16957182 22984 1040201285 3456121252 0 0 0
1450064508418 cpu0 672083245 33326 67155163 7994774 19038 939525086 3187678704 0 0 0
1450064508418 cpu1 571627729 40971 67184505 2870714 1945 100663469 67110421 0 0 0
1450064508418 cpu2 537872471 33589816 134272771 2989138 1158 7466 33557711 0 0 0
1450064508418 cpu3 202118627 33766 33594675 3102556 843 5264 167774416 0 0 0
1450064508518 cpu  1983702088 33697885 302207117 16957196 22984 1040201285 3456121252 0 0 0
1450064508518 cpu0 672083247 33326 67155164 7994779 19038 939525086 3187678704 0 0 0
1450064508518 cpu1 571627736 40973 67184505 2870716 1945 100663469 67110421 0 0 0
1450064508518 cpu2 537872476 33589817 134272772 2989141 1158 7466 33557711 0 0 0
1450064508518 cpu3 202118629 33769 33594676 3102560 843 5264 167774416 0 0 0
1450064508618 cpu  1983702105 33697887 302207117 16957212 22984 1040201285 3456121252 0 0 0
1450064508618 cpu0 672083250 33326 67155164 7994784 19038 939525086 3187678704 0 0 0
1450064508618 cpu1 571627745 40973 67184505 2870716 1945 100663469 67110421 0 0 0
1450064508618 cpu2 537872479 33589817 134272772 2989147 1158 7466 33557711 0 0 0
1450064508618 cpu3 202118631 33771 33594676 3102565 843 5264 167774416 0 0 0
1450064508720 cpu  1983702121 33697887 302207118 16957232 22984 1040201286 3456121252 0 0 0
1450064508720 cpu0 672083253 33326 67155164 7994791 19038 939525086 3187678704 0 0 0
1450064508720 cpu1 571627754 40973 67184505 2870716 1945 100663469 67110421 0 0 0
1450064508720 cpu2 537872482 33589817 134272773 2989152 1158 7467 33557711 0 0 0
1450064508720 cpu3 202118632 33771 33594676 3102573 843 5264 167774416 0 0 0
1450064508823 cpu  1983702140 33697887 302207120 16957252 22984 1040201286 3456121253 0 0 0
1450064508823 cpu0 672083255 33326 67155164 7994798 19038 939525086 3187678705 0 0 0
1450064508823 cpu1 571627763 40973 67184506 2870716 1945 100663469 67110421 0 0 0
1450064508823 cpu2 537872485 33589817 134272774 2989159 1158 7467 33557711 0 0 0
1450064508823 cpu3 202118637 33771 33594676 3102579 843 5264 167774416 0 0 0
1450064508923 cpu  1983702156 33697887 302207120 16957274 22984 1040201286 3456121253 0 0 0
1450064508923 cpu0 672083257 33326 67155164 7994805 19038 939525086 3187678705 0 0 0
1450064508923 cpu1 571627772 40973 67184506 2870717 1945 100663469 67110421 0 0 0
1450064508923 cpu2 537872487 33589817 134272774 2989167 1158 7467 33557711 0 0 0
1450064508923 cpu3 202118640 33771 33594676 3102585 843 5264 167774416 0 0 0
1450064509018 cpu  1983702167 33697887 302207121 16957298 22984 1040201286 3456121253 0 0 0
1450064509018 cpu0 672083259 33326 67155164 7994813 19038 939525086 3187678705 0 0 0
1450064509018 cpu1 571627780 40973 67184507 2870717 1945 100663469 67110421 0 0 0
1450064509018 cpu2 537872487 33589817 134272774 2989175 1158 7467 33557711 0 0 0
1450064509018 cpu3 202118641 33771 33594676 3102593 843 5264 167774416 0 0 0
1450064509120 cpu  1983702179 33697887 302207122 16957324 22984 1040201286 3456121253 0 0 0
1450064509120 cpu0 672083260 33326 67155164 7994821 19038 939525086 3187678705 0 0 0
1450064509120 cpu1 571627786 40973 67184507 2870721 1945 100663469 67110421 0 0 0
1450064509120 cpu2 537872489 33589817 134272774 2989183 1158 7467 33557711 0 0 0
1450064509120 cpu3 202118644 33771 33594677 3102599 843 5264 167774416 0 0 0
1450064509182 cpu  1983702186 33697887 302207123 16957340 22984 1040201286 3456121253 0 0 0
1450064509182 cpu0 672083262 33326 67155164 7994825 19038 939525086 3187678705 0 0 0
1450064509182 cpu1 571627788 40973 67184508 2870724 1945 100663469 67110421 0 0 0
1450064509182 cpu2 537872492 33589817 134272774 2989186 1158 7467 33557711 0 0 0
1450064509182 cpu3 202118644 33771 33594677 3102605 843 5264 167774416 0 0 0
1450064509283 cpu  1983702205 33697887 302207124 16957358 22984 1040201286 3456121253 0 0 0
1450064509283 cpu0 672083266 33326 67155164 7994830 19038 939525086 3187678705 0 0 0
1450064509283 cpu1 571627794 40973 67184509 2870726 1945 100663469 67110421 0 0 0
1450064509283 cpu2 537872498 33589817 134272774 2989190 1158 7467 33557711 0 0 0
1450064509283 cpu3 202118647 33771 33594677 3102612 843 5264 167774416 0 0 0
1450064509378 cpu  1983702215 33697887 302207124 16957385 22984 1040201286 3456121253 0 0 0
1450064509378 cpu0 672083267 33326 67155164 7994838 19038 939525086 3187678705 0 0 0
1450064509378 cpu1 571627803 40973 67184509 2870727 1945 100663469 67110421 0 0 0
1450064509378 cpu2 537872498 33589817 134272774 2989199 1158 7467 33557711 0 0 0
1450064509378 cpu3 202118647 33771 33594677 3102621 843 5264 167774416 0 0 0
1450064509478 cpu  1983702231 33697887 302207125 16957408 22984 1040201286 3456121253 0 0 0
1450064509478 cpu0 672083268 33326 67155164 7994847 19038 939525086 3187678705 0 0 0
1450064509478 cpu1 571627813 40973 67184509 2870727 1945 100663469 67110421 0 0 0
1450064509478 cpu2 537872502 33589817 134272775 2989204 1158 7467 33557711 0 0 0
1450064509478 cpu3 202118648 33771 33594677 3102630 843 5264 167774416 0 0 0
1450064509578 cpu  1983702244 33697887 302207127 16957432 22984 1040201286 3456121253 0 0 0
1450064509578 cpu0 672083269 33326 67155165 7994855 19038 939525086 3187678705 0 0 0
1450064509578 cpu1 571627823 40973 67184509 2870727 1945 100663469 67110421 0 0 0
1450064509578 cpu2 537872503 33589817 134272776 2989211 1158 7467 33557711 0 0 0
1450064509578 cpu3 202118649 33771 33594677 3102639 843 5264 167774416 0 0 0
1450064509678 cpu  1983702263 33697887 302207128 16957452 22984 1040201286 3456121253 0 0 0
1450064509678 cpu0 672083272 33326 67155165 7994862 19038 939525086 3187678705 0 0 0
1450064509678 cpu1 571627832 40973 67184510 2870727 1945 100663469 67110421 0 0 0
1450064509678 cpu2 537872506 33589817 134272776 2989219 1158 7467 33557711 0 0 0
1450064509678 cpu3 202118653 33771 33594677 3102644 843 5264 167774416 0 0 0
1450064509780 cpu  1983702280 33697887 302207132 16957468 22984 1040201286 3456121253 0 0 0
1450064509780 cpu0 672083275 33326 67155167 7994866 19038 939525086 3187678705 0 0 0
1450064509780 cpu1 571627839 40973 67184511 2870728 1945 100663469 67110421 0 0 0
1450064509780 cpu2 537872510 33589817 134272777 2989223 1158 7467 33557711 0 0 0
1450064509780 cpu3 202118656 33771 33594677 3102651 843 5264 167774416 0 0 0
1450064509878 cpu  1983702302 33697887 302207133 16957483 22984 1040201287 3456121253 0 0 0
1450064509878 cpu0 672083277 33326 67155167 7994873 19038 939525086 3187678705 0 0 0
1450064509878 cpu1 571627846 40973 67184511 2870730 1945 100663469 67110421 0 0 0
1450064509878 cpu2 537872518 33589817 134272778 2989224 1158 7467 33557711 0 0 0
1450064509878 cpu3 202118661 33771 33594677 3102656 843 5265 167774416 0 0 0
1450064509979 cpu  1983702312 33697892 302207134 16957505 22984 1040201287 3456121253 0 0 0
1450064509979 cpu0 672083278 33326 67155167 7994881 19038 939525086 3187678705 0 0 0
1450064509979 cpu1 571627850 40975 67184512 2870733 1945 100663469 67110421 0 0 0
1450064509979 cpu2 537872522 33589820 134272778 2989226 1158 7467 33557711 0 0 0
1450064509979 cpu3 202118662 33771 33594677 3102665 843 5265 167774416 0 0 0
1450064510070 cpu  1983702335 33697898 302207134 16957505 22984 1040201287 3456121253 0 0 0
1450064510070 cpu0 672083281 33328 67155167 7994881 19038 939525086 3187678705 0 0 0
1450064510070 cpu1 571627858 40976 67184512 2870733 1945 100663469 67110421 0 0 0
1450064510070 cpu2 537872529 33589821 134272778 2989226 1158 7467 33557711 0 0 0
1450064510070 cpu3 202118667 33773 33594677 3102665 843 5265 167774416 0 0 0
