1450064527704 cpu  1983703297 33697967 302207289 16963126 22996 1040201290 3456121254 0 0 0
1450064527704 cpu0 672083454 33347 67155192 7996310 19049 939525086 3187678705 0 0 0
1450064527704 cpu1 571628158 41004 67184564 2872066 1946 100663469 67110422 0 0 0
1450064527704 cpu2 537872836 33589834 134272825 2990578 1158 7469 33557711 0 0 0
1450064527704 cpu3 202118849 33782 33594708 3104172 843 5266 167774416 0 0 0
1450064527802 cpu  1983703321 33697969 302207291 16963133 22996 1040201290 3456121254 0 0 0
1450064527802 cpu0 672083459 33348 67155192 7996311 19049 939525086 3187678705 0 0 0
1450064527802 cpu1 571628165 41004 67184565 2872067 1946 100663469 67110422 0 0 0
1450064527802 cpu2 537872842 33589834 134272826 2990580 1158 7469 33557711 0 0 0
1450064527802 cpu3 202118855 33783 33594708 3104175 843 5266 167774416 0 0 0
1450064527863 cpu  1983703328 33697969 302207291 16963149 22996 1040201290 3456121254 0 0 0
1450064527863 cpu0 672083460 33348 67155192 7996316 19049 939525086 3187678705 0 0 0
1450064527863 cpu1 571628167 41004 67184565 2872071 1946 100663469 67110422 0 0 0
1450064527863 cpu2 537872843 33589834 134272826 2990585 1158 7469 33557711 0 0 0
1450064527863 cpu3 202118858 33783 33594708 3104177 843 5266 167774416 0 0 0
1450064527924 cpu  1983703337 33697969 302207291 16963163 22996 1040201290 3456121255 0 0 0
1450064527924 cpu0 672083461 33348 67155192 7996320 19049 939525086 3187678706 0 0 0
1450064527924 cpu1 571628168 41004 67184565 2872076 1946 100663469 67110422 0 0 0
1450064527924 cpu2 537872848 33589834 134272826 2990586 1158 7469 33557711 0 0 0
1450064527924 cpu3 202118860 33783 33594708 3104181 843 5266 167774416 0 0 0
1450064527986 cpu  1983703347 33697970 302207294 16963175 22996 1040201290 3456121255 0 0 0
1450064527986 cpu0 672083462 33348 67155193 7996325 19049 939525086 3187678706 0 0 0
1450064527986 cpu1 571628170 41004 67184565 2872080 1946 100663469 67110422 0 0 0
1450064527986 cpu2 537872850 33589835 134272827 2990588 1158 7469 33557711 0 0 0
1450064527986 cpu3 202118865 33783 33594709 3104182 843 5266 167774416 0 0 0
1450064528048 cpu  1983703355 33697971 302207296 16963188 22996 1040201290 3456121255 0 0 0
1450064528048 cpu0 672083464 33349 67155193 7996328 19049 939525086 3187678706 0 0 0
1450064528048 cpu1 571628171 41004 67184565 2872085 1946 100663469 67110422 0 0 0
1450064528048 cpu2 537872854 33589835 134272829 2990589 1158 7469 33557711 0 0 0
1450064528048 cpu3 202118866 33783 33594709 3104186 843 5266 167774416 0 0 0
1450064528109 cpu  1983703364 33697972 302207296 16963200 22996 1040201290 3456121255 0 0 0
1450064528109 cpu0 672083465 33350 67155193 7996331 19049 939525086 3187678706 0 0 0
1450064528109 cpu1 571628171 41004 67184565 2872090 1946 100663469 67110422 0 0 0
1450064528109 cpu2 537872860 33589835 134272829 2990589 1158 7469 33557711 0 0 0
1450064528109 cpu3 202118868 33783 33594709 3104190 843 5266 167774416 0 0 0
1450064528172 cpu  1983703374 33697972 302207298 16963209 22996 1040201290 3456121255 0 0 0
1450064528172 cpu0 672083467 33350 67155193 7996333 19049 939525086 3187678706 0 0 0
1450064528172 cpu1 571628175 41004 67184566 2872092 1946 100663469 67110422 0 0 0
1450064528172 cpu2 537872862 33589835 134272830 2990591 1158 7469 33557711 0 0 0
1450064528172 cpu3 202118870 33783 33594709 3104193 843 5266 167774416 0 0 0
1450064528233 cpu  1983703379 33697972 302207299 16963228 22996 1040201290 3456121255 0 0 0
1450064528233 cpu0 672083468 33350 67155193 7996337 19049 939525086 3187678706 0 0 0
1450064528233 cpu1 571628175 41004 67184566 2872098 1946 100663469 67110422 0 0 0
1450064528233 cpu2 537872864 33589835 134272831 2990595 1158 7469 33557711 0 0 0
1450064528233 cpu3 202118872 33783 33594709 3104198 843 5266 167774416 0 0 0
1450064528296 cpu  1983703381 33697972 302207309 16963237 22996 1040201290 3456121255 0 0 0
1450064528296 cpu0 672083469 33350 67155195 7996339 19049 939525086 3187678706 0 0 0
1450064528296 cpu1 571628175 41004 67184568 2872101 1946 100663469 67110422 0 0 0
1450064528296 cpu2 537872865 33589835 134272834 2990597 1158 7469 33557711 0 0 0
1450064528296 cpu3 202118872 33783 33594712 3104200 843 5266 167774416 0 0 0
1450064528356 cpu  1983703387 33697972 302207309 16963255 22996 1040201290 3456121255 0 0 0
1450064528356 cpu0 672083471 33350 67155195 7996342 19049 939525086 3187678706 0 0 0
1450064528356 cpu1 571628176 41004 67184568 2872106 1946 100663469 67110422 0 0 0
1450064528356 cpu2 537872867 33589835 134272834 2990601 1158 7469 33557711 0 0 0
1450064528356 cpu3 202118873 33783 33594712 3104206 843 5266 167774416 0 0 0
1450064528418 cpu  1983703395 33697972 302207311 16963266 22998 1040201290 3456121255 0 0 0
1450064528418 cpu0 672083473 33350 67155195 7996345 19050 939525086 3187678706 0 0 0
1450064528418 cpu1 571628177 41004 67184569 2872110 1946 100663469 67110422 0 0 0
1450064528418 cpu2 537872869 33589835 134272835 2990603 1158 7469 33557711 0 0 0
1450064528418 cpu3 202118876 33783 33594712 3104208 844 5266 167774416 0 0 0
1450064528479 cpu  1983703399 33697972 302207313 16963282 22998 1040201290 3456121255 0 0 0
1450064528479 cpu0 672083473 33350 67155195 7996350 19050 939525086 3187678706 0 0 0
1450064528479 cpu1 571628177 41004 67184569 2872116 1946 100663469 67110422 0 0 0
1450064528479 cpu2 537872873 33589835 134272837 2990603 1158 7469 33557711 0 0 0
1450064528479 cpu3 202118876 33783 33594712 3104213 844 5266 167774416 0 0 0
1450064528542 cpu  1983703405 33697972 302207313 16963301 22998 1040201290 3456121255 0 0 0
1450064528542 cpu0 672083473 33350 67155195 7996357 19050 939525086 3187678706 0 0 0
1450064528542 cpu1 571628177 41004 67184569 2872122 1946 100663469 67110422 0 0 0
1450064528542 cpu2 537872879 33589835 134272837 2990603 1158 7469 33557711 0 0 0
1450064528542 cpu3 202118876 33783 33594712 3104219 844 5266 167774416 0 0 0
1450064528605 cpu  1983703414 33697972 302207313 16963316 22998 1040201290 3456121255 0 0 0
1450064528605 cpu0 672083474 33350 67155195 7996361 19050 939525086 3187678706 0 0 0
1450064528605 cpu1 571628178 41004 67184569 2872127 1946 100663469 67110422 0 0 0
1450064528605 cpu2 537872885 33589835 134272837 2990603 1158 7469 33557711 0 0 0
1450064528605 cpu3 202118877 33783 33594712 3104225 844 5266 167774416 0 0 0
1450064528668 cpu  1983703429 33697972 302207313 16963324 22998 1040201290 3456121255 0 0 0
1450064528668 cpu0 672083476 33350 67155195 7996364 19050 939525086 3187678706 0 0 0
1450064528668 cpu1 571628181 41004 67184569 2872130 1946 100663469 67110422 0 0 0
1450064528668 cpu2 537872890 33589835 134272837 2990604 1158 7469 33557711 0 0 0
1450064528668 cpu3 202118882 33783 33594712 3104226 844 5266 167774416 0 0 0
1450064528729 cpu  1983703439 33697973 302207316 16963332 22998 1040201290 3456121255 0 0 0
1450064528729 cpu0 672083478 33350 67155195 7996368 19050 939525086 3187678706 0 0 0
1450064528729 cpu1 571628181 41005 67184569 2872134 1946 100663469 67110422 0 0 0
1450064528729 cpu2 537872894 33589835 134272839 2990604 1158 7469 33557711 0 0 0
1450064528729 cpu3 202118886 33783 33594713 3104226 844 5266 167774416 0 0 0
1450064528791 cpu  1983703453 33697974 302207316 16963343 22998 1040201290 3456121255 0 0 0
1450064528791 cpu0 672083481 33351 67155195 7996370 19050 939525086 3187678706 0 0 0
1450064528791 cpu1 571628183 41005 67184569 2872139 1946 100663469 67110422 0 0 0
1450064528791 cpu2 537872899 33589835 134272839 2990605 1158 7469 33557711 0 0 0
1450064528791 cpu3 202118890 33783 33594713 3104229 844 5266 167774416 0 0 0
1450064528853 cpu  1983703459 33697974 302207318 16963359 22998 1040201290 3456121255 0 0 0
1450064528853 cpu0 672083481 33351 67155195 7996376 19050 939525086 3187678706 0 0 0
1450064528853 cpu1 571628183 41005 67184570 2872144 1946 100663469 67110422 0 0 0
1450064528853 cpu2 537872904 33589835 134272840 2990605 1158 7469 33557711 0 0 0
1450064528853 cpu3 202118891 33783 33594713 3104234 844 5266 167774416 0 0 0
1450064528915 cpu  1983703466 33697974 302207318 16963376 22998 1040201290 3456121255 0 0 0
1450064528915 cpu0 672083482 33351 67155195 7996381 19050 939525086 3187678706 0 0 0
1450064528915 cpu1 571628183 41005 67184570 2872150 1946 100663469 67110422 0 0 0
1450064528915 cpu2 537872910 33589835 134272840 2990605 1158 7469 33557711 0 0 0
1450064528915 cpu3 202118891 33783 33594713 3104240 844 5266 167774416 0 0 0
1450064528978 cpu  1983703471 33697974 302207320 16963393 22998 1040201290 3456121255 0 0 0
1450064528978 cpu0 672083482 33351 67155195 7996386 19050 939525086 3187678706 0 0 0
1450064528978 cpu1 571628183 41005 67184570 2872156 1946 100663469 67110422 0 0 0
1450064528978 cpu2 537872915 33589835 134272842 2990605 1158 7469 33557711 0 0 0
1450064528978 cpu3 202118891 33783 33594713 3104246 844 5266 167774416 0 0 0
1450064529041 cpu  1983703478 33697974 302207321 16963411 22998 1040201290 3456121255 0 0 0
1450064529041 cpu0 672083483 33351 67155195 7996392 19050 939525086 3187678706 0 0 0
1450064529041 cpu1 571628184 41005 67184570 2872162 1946 100663469 67110422 0 0 0
1450064529041 cpu2 537872920 33589835 134272843 2990605 1158 7469 33557711 0 0 0
1450064529041 cpu3 202118891 33783 33594713 3104252 844 5266 167774416 0 0 0
1450064529125 cpu  1983703491 33697974 302207324 16963423 22998 1040201290 3456121255 0 0 0
1450064529125 cpu0 672083486 33351 67155196 7996395 19050 939525086 3187678706 0 0 0
1450064529125 cpu1 571628186 41005 67184571 2872166 1946 100663469 67110422 0 0 0
1450064529125 cpu2 537872925 33589835 134272844 2990606 1158 7469 33557711 0 0 0
1450064529125 cpu3 202118894 33783 33594713 3104256 844 5266 167774416 0 0 0
1450064529185 cpu  1983703505 33697974 302207326 16963428 22998 1040201290 3456121255 0 0 0
1450064529185 cpu0 672083488 33351 67155196 7996397 19050 939525086 3187678706 0 0 0
1450064529185 cpu1 571628189 41005 67184572 2872167 1946 100663469 67110422 0 0 0
1450064529185 cpu2 537872931 33589835 134272844 2990606 1158 7469 33557711 0 0 0
1450064529185 cpu3 202118897 33783 33594714 3104258 844 5266 167774416 0 0 0
1450064529262 cpu  1983703516 33697981 302207328 16963437 22998 1040201290 3456121255 0 0 0
1450064529262 cpu0 672083491 33352 67155196 7996400 19050 939525086 3187678706 0 0 0
1450064529262 cpu1 571628191 41007 67184572 2872171 1946 100663469 67110422 0 0 0
1450064529262 cpu2 537872936 33589835 134272846 2990606 1158 7469 33557711 0 0 0
1450064529262 cpu3 202118898 33787 33594714 3104260 844 5266 167774416 0 0 0
1450064529324 cpu  1983703525 33697986 302207329 16963443 22998 1040201290 3456121255 0 0 0
1450064529324 cpu0 672083492 33353 67155196 7996402 19050 939525086 3187678706 0 0 0
1450064529324 cpu1 571628194 41007 67184573 2872172 1946 100663469 67110422 0 0 0
1450064529324 cpu2 537872939 33589837 134272846 2990607 1158 7469 33557711 0 0 0
1450064529324 cpu3 202118900 33789 33594714 3104262 844 5266 167774416 0 0 0
1450064529385 cpu  1983703538 33697989 302207329 16963450 22998 1040201291 3456121255 0 0 0
1450064529385 cpu0 672083494 33354 67155196 7996404 19050 939525086 3187678706 0 0 0
1450064529385 cpu1 571628197 41007 67184573 2872175 1946 100663469 67110422 0 0 0
1450064529385 cpu2 537872943 33589839 134272846 2990607 1158 7469 33557711 0 0 0
1450064529385 cpu3 202118904 33789 33594714 3104264 844 5267 167774416 0 0 0
1450064529446 cpu  1983703549 33697993 302207332 16963455 22998 1040201291 3456121255 0 0 0
1450064529446 cpu0 672083497 33354 67155197 7996407 19050 939525086 3187678706 0 0 0
1450064529446 cpu1 571628201 41008 67184573 2872176 1946 100663469 67110422 0 0 0
1450064529446 cpu2 537872945 33589839 134272848 2990608 1158 7469 33557711 0 0 0
1450064529446 cpu3 202118906 33792 33594714 3104264 844 5267 167774416 0 0 0
1450064529507 cpu  1983703559 33697996 302207332 16963464 22998 1040201291 3456121255 0 0 0
1450064529507 cpu0 672083498 33355 67155197 7996409 19050 939525086 3187678706 0 0 0
1450064529507 cpu1 571628203 41008 67184573 2872179 1946 100663469 67110422 0 0 0
1450064529507 cpu2 537872949 33589840 134272848 2990609 1158 7469 33557711 0 0 0
1450064529507 cpu3 202118909 33793 33594714 3104267 844 5267 167774416 0 0 0
1450064529568 cpu  1983703570 33697996 302207333 16963475 22998 1040201291 3456121255 0 0 0
1450064529568 cpu0 672083501 33355 67155197 7996412 19050 939525086 3187678706 0 0 0
1450064529568 cpu1 571628206 41008 67184573 2872183 1946 100663469 67110422 0 0 0
1450064529568 cpu2 537872952 33589840 134272849 2990610 1158 7469 33557711 0 0 0
1450064529568 cpu3 202118911 33793 33594714 3104270 844 5267 167774416 0 0 0
1450064529632 cpu  1983703586 33697996 302207333 16963480 22998 1040201291 3456121255 0 0 0
1450064529632 cpu0 672083504 33355 67155197 7996413 19050 939525086 3187678706 0 0 0
1450064529632 cpu1 571628210 41008 67184573 2872184 1946 100663469 67110422 0 0 0
1450064529632 cpu2 537872957 33589840 134272849 2990611 1158 7469 33557711 0 0 0
1450064529632 cpu3 202118915 33793 33594714 3104272 844 5267 167774416 0 0 0
1450064529693 cpu  1983703601 33697996 302207333 16963482 22998 1040201291 3456121255 0 0 0
1450064529693 cpu0 672083507 33355 67155197 7996414 19050 939525086 3187678706 0 0 0
1450064529693 cpu1 571628214 41008 67184573 2872184 1946 100663469 67110422 0 0 0
1450064529693 cpu2 537872962 33589840 134272849 2990611 1158 7469 33557711 0 0 0
1450064529693 cpu3 202118918 33793 33594714 3104273 844 5267 167774416 0 0 0
1450064529753 cpu  1983703619 33697996 302207334 16963484 22999 1040201291 3456121255 0 0 0
1450064529753 cpu0 672083511 33355 67155197 7996414 19051 939525086 3187678706 0 0 0
1450064529753 cpu1 571628218 41008 67184573 2872185 1946 100663469 67110422 0 0 0
1450064529753 cpu2 537872967 33589840 134272849 2990611 1158 7469 33557711 0 0 0
1450064529753 cpu3 202118923 33793 33594715 3104274 844 5267 167774416 0 0 0
1450064529815 cpu  1983703632 33697996 302207334 16963489 22999 1040201291 3456121255 0 0 0
1450064529815 cpu0 672083513 33355 67155197 7996417 19051 939525086 3187678706 0 0 0
1450064529815 cpu1 571628222 41008 67184573 2872185 1946 100663469 67110422 0 0 0
1450064529815 cpu2 537872971 33589840 134272849 2990611 1158 7469 33557711 0 0 0
1450064529815 cpu3 202118926 33793 33594715 3104276 844 5267 167774416 0 0 0
1450064529876 cpu  1983703650 33697996 302207336 16963492 22999 1040201291 3456121255 0 0 0
1450064529876 cpu0 672083516 33355 67155198 7996419 19051 939525086 3187678706 0 0 0
1450064529876 cpu1 571628228 41008 67184573 2872185 1946 100663469 67110422 0 0 0
1450064529876 cpu2 537872976 33589840 134272850 2990611 1158 7469 33557711 0 0 0
1450064529876 cpu3 202118930 33793 33594715 3104277 844 5267 167774416 0 0 0
1450064529937 cpu  1983703662 33697996 302207337 16963499 22999 1040201291 3456121255 0 0 0
1450064529937 cpu0 672083519 33355 67155198 7996420 19051 939525086 3187678706 0 0 0
1450064529937 cpu1 571628232 41008 67184574 2872186 1946 100663469 67110422 0 0 0
1450064529937 cpu2 537872980 33589840 134272850 2990612 1158 7469 33557711 0 0 0
1450064529937 cpu3 202118931 33793 33594715 3104281 844 5267 167774416 0 0 0
1450064529999 cpu  1983703674 33697997 302207339 16963508 22999 1040201291 3456121255 0 0 0
1450064529999 cpu0 672083521 33356 67155198 7996423 19051 939525086 3187678706 0 0 0
1450064529999 cpu1 571628235 41008 67184575 2872188 1946 100663469 67110422 0 0 0
1450064529999 cpu2 537872985 33589840 134272850 2990613 1158 7469 33557711 0 0 0
1450064529999 cpu3 202118933 33793 33594716 3104284 844 5267 167774416 0 0 0
1450064530060 cpu  1983703687 33697997 302207339 16963517 22999 1040201291 3456121255 0 0 0
1450064530060 cpu0 672083523 33356 67155198 7996426 19051 939525086 3187678706 0 0 0
1450064530060 cpu1 571628239 41008 67184575 2872190 1946 100663469 67110422 0 0 0
1450064530060 cpu2 537872989 33589840 134272850 2990614 1158 7469 33557711 0 0 0
1450064530060 cpu3 202118936 33793 33594716 3104287 844 5267 167774416 0 0 0
1450064530150 cpu  1983703704 33697997 302207342 16963531 22999 1040201291 3456121255 0 0 0
1450064530150 cpu0 672083527 33356 67155198 7996431 19051 939525086 3187678706 0 0 0
1450064530150 cpu1 571628244 41008 67184575 2872192 1946 100663469 67110422 0 0 0
1450064530150 cpu2 537872995 33589840 134272852 2990616 1158 7469 33557711 0 0 0
1450064530150 cpu3 202118938 33793 33594717 3104292 844 5267 167774416 0 0 0
1450064530234 cpu  1983703719 33697997 302207343 16963543 22999 1040201291 3456121256 0 0 0
1450064530234 cpu0 672083529 33356 67155198 7996435 19051 939525086 3187678706 0 0 0
1450064530234 cpu1 571628248 41008 67184576 2872195 1946 100663469 67110422 0 0 0
1450064530234 cpu2 537873001 33589840 134272852 2990617 1158 7469 33557712 0 0 0
1450064530234 cpu3 202118941 33793 33594717 3104296 844 5267 167774416 0 0 0
1450064530334 cpu  1983703739 33697997 302207346 16963557 22999 1040201291 3456121256 0 0 0
1450064530334 cpu0 672083532 33356 67155198 7996441 19051 939525086 3187678706 0 0 0
1450064530334 cpu1 571628255 41008 67184578 2872196 1946 100663469 67110422 0 0 0
1450064530334 cpu2 537873008 33589840 134272852 2990619 1158 7469 33557712 0 0 0
1450064530334 cpu3 202118944 33793 33594718 3104301 844 5267 167774416 0 0 0
1450064530435 cpu  1983703745 33697997 302207346 16963590 22999 1040201291 3456121256 0 0 0
1450064530435 cpu0 672083532 33356 67155198 7996450 19051 939525086 3187678706 0 0 0
1450064530435 cpu1 571628257 41008 67184578 2872204 1946 100663469 67110422 0 0 0
1450064530435 cpu2 537873011 33589840 134272852 2990626 1158 7469 33557712 0 0 0
1450064530435 cpu3 202118945 33793 33594718 3104310 844 5267 167774416 0 0 0
1450064530536 cpu  1983703747 33697997 302207346 16963627 22999 1040201291 3456121256 0 0 0
1450064530536 cpu0 672083532 33356 67155198 7996459 19051 939525086 3187678706 0 0 0
1450064530536 cpu1 571628259 41008 67184578 2872212 1946 100663469 67110422 0 0 0
1450064530536 cpu2 537873011 33589840 134272852 2990636 1158 7469 33557712 0 0 0
1450064530536 cpu3 202118945 33793 33594718 3104320 844 5267 167774416 0 0 0
1450064530640 cpu  1983703748 33697997 302207346 16963667 22999 1040201291 3456121256 0 0 0
1450064530640 cpu0 672083533 33356 67155198 7996469 19051 939525086 3187678706 0 0 0
1450064530640 cpu1 571628259 41008 67184578 2872222 1946 100663469 67110422 0 0 0
1450064530640 cpu2 537873011 33589840 134272852 2990646 1158 7469 33557712 0 0 0
1450064530640 cpu3 202118945 33793 33594718 3104330 844 5267 167774416 0 0 0
1450064530722 cpu  1983703749 33697997 302207346 16963700 22999 1040201291 3456121256 0 0 0
1450064530722 cpu0 672083533 33356 67155198 7996477 19051 939525086 3187678706 0 0 0
1450064530722 cpu1 571628259 41008 67184578 2872230 1946 100663469 67110422 0 0 0
1450064530722 cpu2 537873011 33589840 134272852 2990655 1158 7469 33557712 0 0 0
1450064530722 cpu3 202118946 33793 33594718 3104338 844 5267 167774416 0 0 0
1450064530825 cpu  1983703750 33697997 302207346 16963740 22999 1040201291 3456121256 0 0 0
1450064530825 cpu0 672083533 33356 67155198 7996487 19051 939525086 3187678706 0 0 0
1450064530825 cpu1 571628260 41008 67184578 2872240 1946 100663469 67110422 0 0 0
1450064530825 cpu2 537873011 33589840 134272852 2990664 1158 7469 33557712 0 0 0
1450064530825 cpu3 202118946 33793 33594718 3104349 844 5267 167774416 0 0 0
1450064530928 cpu  1983703759 33697997 302207348 16963769 22999 1040201291 3456121256 0 0 0
1450064530928 cpu0 672083534 33356 67155198 7996496 19051 939525086 3187678706 0 0 0
1450064530928 cpu1 571628265 41008 67184579 2872243 1946 100663469 67110422 0 0 0
1450064530928 cpu2 537873014 33589840 134272853 2990671 1158 7469 33557712 0 0 0
1450064530928 cpu3 202118946 33793 33594718 3104359 844 5267 167774416 0 0 0
1450064531032 cpu  1983703760 33697997 302207348 16963808 22999 1040201291 3456121256 0 0 0
1450064531032 cpu0 672083534 33356 67155198 7996505 19051 939525086 3187678706 0 0 0
1450064531032 cpu1 571628266 41008 67184579 2872253 1946 100663469 67110422 0 0 0
1450064531032 cpu2 537873014 33589840 134272853 2990681 1158 7469 33557712 0 0 0
1450064531032 cpu3 202118946 33793 33594718 3104369 844 5267 167774416 0 0 0
1450064531128 cpu  1983703775 33698000 302207351 16963825 22999 1040201291 3456121256 0 0 0
1450064531128 cpu0 672083538 33357 67155199 7996509 19051 939525086 3187678706 0 0 0
1450064531128 cpu1 571628270 41008 67184579 2872257 1946 100663469 67110422 0 0 0
1450064531128 cpu2 537873017 33589842 134272854 2990685 1158 7469 33557712 0 0 0
1450064531128 cpu3 202118950 33793 33594719 3104374 844 5267 167774416 0 0 0
1450064531228 cpu  1983703794 33698000 302207351 16963840 22999 1040201291 3456121257 0 0 0
1450064531228 cpu0 672083543 33357 67155199 7996512 19051 939525086 3187678707 0 0 0
1450064531228 cpu1 571628277 41008 67184579 2872259 1946 100663469 67110422 0 0 0
1450064531228 cpu2 537873021 33589842 134272854 2990690 1158 7469 33557712 0 0 0
1450064531228 cpu3 202118953 33793 33594719 3104379 844 5267 167774416 0 0 0
1450064531329 cpu  1983703802 33698000 302207351 16963870 23001 1040201291 3456121257 0 0 0
1450064531329 cpu0 672083544 33357 67155199 7996518 19053 939525086 3187678707 0 0 0
1450064531329 cpu1 571628280 41008 67184579 2872266 1946 100663469 67110422 0 0 0
1450064531329 cpu2 537873022 33589842 134272854 2990699 1158 7469 33557712 0 0 0
1450064531329 cpu3 202118956 33793 33594719 3104387 844 5267 167774416 0 0 0
1450064531432 cpu  1983703806 33698000 302207351 16963903 23001 1040201292 3456121257 0 0 0
1450064531432 cpu0 672083545 33357 67155199 7996526 19053 939525086 3187678707 0 0 0
1450064531432 cpu1 571628282 41008 67184579 2872273 1946 100663469 67110422 0 0 0
1450064531432 cpu2 537873023 33589842 134272854 2990707 1158 7470 33557712 0 0 0
1450064531432 cpu3 202118956 33793 33594719 3104397 844 5267 167774416 0 0 0
1450064531507 cpu  1983703818 33698000 302207353 16963919 23001 1040201292 3456121257 0 0 0
1450064531507 cpu0 672083546 33357 67155200 7996531 19053 939525086 3187678707 0 0 0
1450064531507 cpu1 571628285 41008 67184579 2872278 1946 100663469 67110422 0 0 0
1450064531507 cpu2 537873027 33589842 134272855 2990710 1158 7470 33557712 0 0 0
1450064531507 cpu3 202118960 33793 33594719 3104400 844 5267 167774416 0 0 0
1450064531609 cpu  1983703827 33698000 302207353 16963946 23001 1040201292 3456121257 0 0 0
1450064531609 cpu0 672083551 33357 67155200 7996535 19053 939525086 3187678707 0 0 0
1450064531609 cpu1 571628287 41008 67184579 2872285 1946 100663469 67110422 0 0 0
1450064531609 cpu2 537873029 33589842 134272855 2990717 1158 7470 33557712 0 0 0
1450064531609 cpu3 202118960 33793 33594719 3104409 844 5267 167774416 0 0 0
1450064531713 cpu  1983703840 33698000 302207354 16963973 23001 1040201292 3456121258 0 0 0
1450064531713 cpu0 672083554 33357 67155200 7996541 19053 939525086 3187678707 0 0 0
1450064531713 cpu1 571628292 41008 67184579 2872290 1946 100663469 67110422 0 0 0
1450064531713 cpu2 537873032 33589842 134272856 2990724 1158 7470 33557712 0 0 0
1450064531713 cpu3 202118962 33793 33594719 3104418 844 5267 167774417 0 0 0
1450064531807 cpu  1983703852 33698000 302207356 16963994 23001 1040201292 3456121258 0 0 0
1450064531807 cpu0 672083557 33357 67155200 7996546 19053 939525086 3187678707 0 0 0
1450064531807 cpu1 571628296 41008 67184580 2872295 1946 100663469 67110422 0 0 0
1450064531807 cpu2 537873034 33589842 134272857 2990729 1158 7470 33557712 0 0 0
1450064531807 cpu3 202118965 33793 33594719 3104424 844 5267 167774417 0 0 0
1450064531896 cpu  1983703855 33698000 302207358 16964024 23001 1040201292 3456121258 0 0 0
1450064531896 cpu0 672083559 33357 67155201 7996552 19053 939525086 3187678707 0 0 0
1450064531896 cpu1 571628297 41008 67184581 2872301 1946 100663469 67110422 0 0 0
1450064531896 cpu2 537873034 33589842 134272857 2990738 1158 7470 33557712 0 0 0
1450064531896 cpu3 202118965 33793 33594719 3104433 844 5267 167774417 0 0 0
1450064531979 cpu  1983703863 33698000 302207359 16964046 23001 1040201292 3456121258 0 0 0
1450064531979 cpu0 672083561 33357 67155201 7996557 19053 939525086 3187678707 0 0 0
1450064531979 cpu1 571628301 41008 67184582 2872305 1946 100663469 67110422 0 0 0
1450064531979 cpu2 537873036 33589842 134272857 2990744 1158 7470 33557712 0 0 0
1450064531979 cpu3 202118965 33793 33594719 3104440 844 5267 167774417 0 0 0
1450064532080 cpu  1983703879 33698000 302207360 16964066 23001 1040201292 3456121258 0 0 0
1450064532080 cpu0 672083567 33357 67155201 7996560 19053 939525086 3187678707 0 0 0
1450064532080 cpu1 571628304 41008 67184582 2872310 1946 100663469 67110422 0 0 0
1450064532080 cpu2 537873041 33589842 134272858 2990748 1158 7470 33557712 0 0 0
1450064532080 cpu3 202118967 33793 33594719 3104448 844 5267 167774417 0 0 0
1450064532182 cpu  1983703887 33698000 302207360 16964099 23001 1040201292 3456121258 0 0 0
1450064532182 cpu0 672083570 33357 67155201 7996567 19053 939525086 3187678707 0 0 0
1450064532182 cpu1 571628306 41008 67184582 2872319 1946 100663469 67110422 0 0 0
1450064532182 cpu2 537873043 33589842 134272858 2990756 1158 7470 33557712 0 0 0
1450064532182 cpu3 202118968 33793 33594719 3104457 844 5267 167774417 0 0 0
1450064532286 cpu  1983703894 33698000 302207361 16964130 23001 1040201292 3456121258 0 0 0
1450064532286 cpu0 672083572 33357 67155201 7996574 19053 939525086 3187678707 0 0 0
1450064532286 cpu1 571628309 41008 67184583 2872325 1946 100663469 67110422 0 0 0
1450064532286 cpu2 537873043 33589842 134272858 2990766 1158 7470 33557712 0 0 0
1450064532286 cpu3 202118970 33793 33594719 3104465 844 5267 167774417 0 0 0
1450064532388 cpu  1983703899 33698001 302207361 16964163 23002 1040201292 3456121258 0 0 0
1450064532388 cpu0 672083573 33358 67155201 7996582 19053 939525086 3187678707 0 0 0
1450064532388 cpu1 571628312 41008 67184583 2872332 1947 100663469 67110422 0 0 0
1450064532388 cpu2 537873044 33589842 134272858 2990775 1158 7470 33557712 0 0 0
1450064532388 cpu3 202118970 33793 33594719 3104474 844 5267 167774417 0 0 0
1450064532491 cpu  1983703904 33698001 302207365 16964194 23002 1040201292 3456121258 0 0 0
1450064532491 cpu0 672083574 33358 67155202 7996589 19053 939525086 3187678707 0 0 0
1450064532491 cpu1 571628314 41008 67184586 2872337 1947 100663469 67110422 0 0 0
1450064532491 cpu2 537873045 33589842 134272858 2990784 1158 7470 33557712 0 0 0
1450064532491 cpu3 202118971 33793 33594719 3104484 844 5267 167774417 0 0 0
1450064532594 cpu  1983703904 33698001 302207365 16964233 23002 1040201292 3456121258 0 0 0
1450064532594 cpu0 672083574 33358 67155202 7996599 19053 939525086 3187678707 0 0 0
1450064532594 cpu1 571628314 41008 67184586 2872346 1947 100663469 67110422 0 0 0
1450064532594 cpu2 537873045 33589842 134272858 2990794 1158 7470 33557712 0 0 0
1450064532594 cpu3 202118971 33793 33594719 3104494 844 5267 167774417 0 0 0
1450064532698 cpu  1983703912 33698001 302207367 16964262 23002 1040201292 3456121258 0 0 0
1450064532698 cpu0 672083575 33358 67155202 7996607 19053 939525086 3187678707 0 0 0
1450064532698 cpu1 571628318 41008 67184587 2872351 1947 100663469 67110422 0 0 0
1450064532698 cpu2 537873048 33589842 134272859 2990800 1158 7470 33557712 0 0 0
1450064532698 cpu3 202118971 33793 33594719 3104504 844 5267 167774417 0 0 0
1450064532801 cpu  1983703914 33698001 302207367 16964302 23002 1040201292 3456121258 0 0 0
1450064532801 cpu0 672083575 33358 67155202 7996617 19053 939525086 3187678707 0 0 0
1450064532801 cpu1 571628319 41008 67184587 2872361 1947 100663469 67110422 0 0 0
1450064532801 cpu2 537873049 33589842 134272859 2990810 1158 7470 33557712 0 0 0
1450064532801 cpu3 202118971 33793 33594719 3104515 844 5267 167774417 0 0 0
1450064532904 cpu  1983703915 33698001 302207367 16964343 23002 1040201292 3456121258 0 0 0
1450064532904 cpu0 672083575 33358 67155202 7996627 19053 939525086 3187678707 0 0 0
1450064532904 cpu1 571628319 41008 67184587 2872371 1947 100663469 67110422 0 0 0
1450064532904 cpu2 537873049 33589842 134272859 2990820 1158 7470 33557712 0 0 0
1450064532904 cpu3 202118972 33793 33594719 3104525 844 5267 167774417 0 0 0
1450064533007 cpu  1983703932 33698001 302207367 16964363 23002 1040201292 3456121258 0 0 0
1450064533007 cpu0 672083579 33358 67155202 7996632 19053 939525086 3187678707 0 0 0
1450064533007 cpu1 571628323 41008 67184587 2872376 1947 100663469 67110422 0 0 0
1450064533007 cpu2 537873053 33589842 134272859 2990826 1158 7470 33557712 0 0 0
1450064533007 cpu3 202118977 33793 33594719 3104529 844 5267 167774417 0 0 0
1450064533110 cpu  1983703944 33698001 302207367 16964389 23002 1040201292 3456121258 0 0 0
1450064533110 cpu0 672083584 33358 67155202 7996637 19053 939525086 3187678707 0 0 0
1450064533110 cpu1 571628327 41008 67184587 2872382 1947 100663469 67110422 0 0 0
1450064533110 cpu2 537873055 33589842 134272859 2990833 1158 7470 33557712 0 0 0
1450064533110 cpu3 202118978 33793 33594719 3104537 844 5267 167774417 0 0 0
1450064533209 cpu  1983703963 33698001 302207368 16964410 23002 1040201292 3456121258 0 0 0
1450064533209 cpu0 672083587 33358 67155202 7996643 19053 939525086 3187678707 0 0 0
1450064533209 cpu1 571628334 41008 67184588 2872385 1947 100663469 67110422 0 0 0
1450064533209 cpu2 537873059 33589842 134272859 2990839 1158 7470 33557712 0 0 0
1450064533209 cpu3 202118983 33793 33594719 3104543 844 5267 167774417 0 0 0
1450064533308 cpu  1983703988 33698002 302207369 16964415 23002 1040201292 3456121259 0 0 0
1450064533308 cpu0 672083591 33358 67155202 7996645 19053 939525086 3187678708 0 0 0
1450064533308 cpu1 571628341 41009 67184588 2872386 1947 100663469 67110422 0 0 0
1450064533308 cpu2 537873067 33589842 134272859 2990840 1158 7470 33557712 0 0 0
1450064533308 cpu3 202118989 33793 33594720 3104544 844 5267 167774417 0 0 0
1450064533409 cpu  1983704008 33698002 302207370 16964425 23006 1040201292 3456121259 0 0 0
1450064533409 cpu0 672083594 33358 67155202 7996645 19057 939525086 3187678708 0 0 0
1450064533409 cpu1 571628350 41009 67184588 2872386 1947 100663469 67110422 0 0 0
1450064533409 cpu2 537873071 33589842 134272860 2990844 1158 7470 33557712 0 0 0
1450064533409 cpu3 202118993 33793 33594720 3104550 844 5267 167774417 0 0 0
1450064533511 cpu  1983704017 33698002 302207371 16964452 23007 1040201292 3456121259 0 0 0
1450064533511 cpu0 672083595 33358 67155202 7996651 19058 939525086 3187678708 0 0 0
1450064533511 cpu1 571628353 41009 67184588 2872393 1947 100663469 67110422 0 0 0
1450064533511 cpu2 537873074 33589842 134272860 2990851 1158 7470 33557712 0 0 0
1450064533511 cpu3 202118995 33793 33594721 3104557 844 5267 167774417 0 0 0
1450064533612 cpu  1983704028 33698002 302207371 16964479 23007 1040201292 3456121259 0 0 0
1450064533612 cpu0 672083597 33358 67155202 7996658 19058 939525086 3187678708 0 0 0
1450064533612 cpu1 571628355 41009 67184588 2872400 1947 100663469 67110422 0 0 0
1450064533612 cpu2 537873077 33589842 134272860 2990858 1158 7470 33557712 0 0 0
1450064533612 cpu3 202118999 33793 33594721 3104563 844 5267 167774417 0 0 0
1450064533709 cpu  1983704050 33698002 302207372 16964491 23007 1040201292 3456121259 0 0 0
1450064533709 cpu0 672083600 33358 67155202 7996663 19058 939525086 3187678708 0 0 0
1450064533709 cpu1 571628360 41009 67184589 2872403 1947 100663469 67110422 0 0 0
1450064533709 cpu2 537873085 33589842 134272860 2990859 1158 7470 33557712 0 0 0
1450064533709 cpu3 202119005 33793 33594721 3104566 844 5267 167774417 0 0 0
1450064533810 cpu  1983704070 33698002 302207373 16964502 23007 1040201292 3456121259 0 0 0
1450064533810 cpu0 672083602 33358 67155203 7996668 19058 939525086 3187678708 0 0 0
1450064533810 cpu1 571628365 41009 67184589 2872407 1947 100663469 67110422 0 0 0
1450064533810 cpu2 537873091 33589842 134272860 2990861 1158 7470 33557712 0 0 0
1450064533810 cpu3 202119012 33793 33594721 3104566 844 5267 167774417 0 0 0
1450064533905 cpu  1983704080 33698002 302207374 16964526 23007 1040201292 3456121259 0 0 0
1450064533905 cpu0 672083604 33358 67155203 7996674 19058 939525086 3187678708 0 0 0
1450064533905 cpu1 571628367 41009 67184589 2872414 1947 100663469 67110422 0 0 0
1450064533905 cpu2 537873093 33589842 134272860 2990868 1158 7470 33557712 0 0 0
1450064533905 cpu3 202119016 33793 33594722 3104570 844 5267 167774417 0 0 0
1450064534007 cpu  1983704089 33698002 302207377 16964554 23007 1040201292 3456121259 0 0 0
1450064534007 cpu0 672083606 33358 67155204 7996680 19058 939525086 3187678708 0 0 0
1450064534007 cpu1 571628370 41009 67184590 2872420 1947 100663469 67110422 0 0 0
1450064534007 cpu2 537873095 33589842 134272860 2990876 1158 7470 33557712 0 0 0
1450064534007 cpu3 202119018 33793 33594723 3104578 844 5267 167774417 0 0 0
1450064534116 cpu  1983704107 33698002 302207377 16964575 23007 1040201292 3456121260 0 0 0
1450064534116 cpu0 672083608 33358 67155204 7996687 19058 939525086 3187678709 0 0 0
1450064534116 cpu1 571628374 41009 67184590 2872426 1947 100663469 67110422 0 0 0
1450064534116 cpu2 537873102 33589842 134272860 2990879 1158 7470 33557712 0 0 0
1450064534116 cpu3 202119023 33793 33594723 3104583 844 5267 167774417 0 0 0
1450064534215 cpu  1983704124 33698002 302207379 16964594 23007 1040201292 3456121260 0 0 0
1450064534215 cpu0 672083611 33358 67155204 7996693 19058 939525086 3187678709 0 0 0
1450064534215 cpu1 571628380 41009 67184590 2872430 1947 100663469 67110422 0 0 0
1450064534215 cpu2 537873105 33589842 134272861 2990885 1158 7470 33557712 0 0 0
1450064534215 cpu3 202119028 33793 33594724 3104587 844 5267 167774417 0 0 0
1450064534283 cpu  1983704132 33698002 302207379 16964612 23007 1040201292 3456121260 0 0 0
1450064534283 cpu0 672083612 33358 67155204 7996698 19058 939525086 3187678709 0 0 0
1450064534283 cpu1 571628380 41009 67184590 2872436 1947 100663469 67110422 0 0 0
1450064534283 cpu2 537873106 33589842 134272861 2990891 1158 7470 33557712 0 0 0
1450064534283 cpu3 202119034 33793 33594724 3104587 844 5267 167774417 0 0 0
1450064534366 cpu  1983704148 33698002 302207380 16964627 23007 1040201293 3456121260 0 0 0
1450064534366 cpu0 672083614 33358 67155204 7996703 19058 939525086 3187678709 0 0 0
1450064534366 cpu1 571628384 41009 67184590 2872441 1947 100663469 67110422 0 0 0
1450064534366 cpu2 537873109 33589842 134272861 2990896 1158 7470 33557712 0 0 0
1450064534366 cpu3 202119041 33793 33594725 3104587 844 5268 167774417 0 0 0
1450064534452 cpu  1983704165 33698002 302207380 16964639 23007 1040201293 3456121261 0 0 0
1450064534452 cpu0 672083616 33358 67155204 7996707 19058 939525086 3187678710 0 0 0
1450064534452 cpu1 571628388 41009 67184590 2872444 1947 100663469 67110422 0 0 0
1450064534452 cpu2 537873113 33589842 134272861 2990900 1158 7470 33557712 0 0 0
1450064534452 cpu3 202119048 33793 33594725 3104588 844 5268 167774417 0 0 0
1450064534548 cpu  1983704180 33698002 302207380 16964658 23007 1040201293 3456121261 0 0 0
1450064534548 cpu0 672083618 33358 67155204 7996712 19058 939525086 3187678710 0 0 0
1450064534548 cpu1 571628390 41009 67184590 2872451 1947 100663469 67110422 0 0 0
1450064534548 cpu2 537873115 33589842 134272861 2990907 1158 7470 33557712 0 0 0
1450064534548 cpu3 202119057 33793 33594725 3104588 844 5268 167774417 0 0 0
1450064534650 cpu  1983704195 33698002 302207381 16964681 23007 1040201293 3456121261 0 0 0
1450064534650 cpu0 672083621 33358 67155204 7996719 19058 939525086 3187678710 0 0 0
1450064534650 cpu1 571628394 41009 67184590 2872457 1947 100663469 67110422 0 0 0
1450064534650 cpu2 537873117 33589842 134272861 2990914 1158 7470 33557712 0 0 0
1450064534650 cpu3 202119063 33793 33594726 3104591 844 5268 167774417 0 0 0
1450064534750 cpu  1983704213 33698002 302207381 16964698 23007 1040201293 3456121262 0 0 0
1450064534750 cpu0 672083624 33358 67155204 7996724 19058 939525086 3187678711 0 0 0
1450064534750 cpu1 571628398 41009 67184590 2872462 1947 100663469 67110422 0 0 0
1450064534750 cpu2 537873119 33589842 134272861 2990921 1158 7470 33557712 0 0 0
1450064534750 cpu3 202119072 33793 33594726 3104591 844 5268 167774417 0 0 0
1450064534854 cpu  1983704235 33698003 302207383 16964711 23007 1040201293 3456121262 0 0 0
1450064534854 cpu0 672083628 33358 67155204 7996728 19058 939525086 3187678711 0 0 0
1450064534854 cpu1 571628403 41009 67184591 2872465 1947 100663469 67110422 0 0 0
1450064534854 cpu2 537873124 33589842 134272861 2990926 1158 7470 33557712 0 0 0
1450064534854 cpu3 202119080 33794 33594727 3104592 844 5268 167774417 0 0 0
1450064534953 cpu  1983704260 33698004 302207385 16964717 23007 1040201293 3456121262 0 0 0
1450064534953 cpu0 672083633 33359 67155204 7996730 19058 939525086 3187678711 0 0 0
1450064534953 cpu1 571628410 41009 67184591 2872467 1947 100663469 67110422 0 0 0
1450064534953 cpu2 537873129 33589842 134272863 2990928 1158 7470 33557712 0 0 0
1450064534953 cpu3 202119088 33794 33594727 3104592 844 5268 167774417 0 0 0
1450064535054 cpu  1983704283 33698009 302207385 16964723 23007 1040201293 3456121262 0 0 0
1450064535054 cpu0 672083638 33359 67155204 7996733 19058 939525086 3187678711 0 0 0
1450064535054 cpu1 571628415 41012 67184591 2872467 1947 100663469 67110422 0 0 0
1450064535054 cpu2 537873134 33589843 134272863 2990931 1158 7470 33557712 0 0 0
1450064535054 cpu3 202119096 33795 33594727 3104592 844 5268 167774417 0 0 0
1450064535148 cpu  1983704301 33698011 302207388 16964735 23007 1040201293 3456121262 0 0 0
1450064535148 cpu0 672083641 33359 67155205 7996737 19058 939525086 3187678711 0 0 0
1450064535148 cpu1 571628422 41012 67184592 2872469 1947 100663469 67110422 0 0 0
1450064535148 cpu2 537873137 33589844 134272863 2990936 1158 7470 33557712 0 0 0
1450064535148 cpu3 202119101 33796 33594728 3104593 844 5268 167774417 0 0 0
1450064535239 cpu  1983704311 33698011 302207389 16964758 23007 1040201293 3456121262 0 0 0
1450064535239 cpu0 672083642 33359 67155205 7996744 19058 939525086 3187678711 0 0 0
1450064535239 cpu1 571628427 41012 67184592 2872472 1947 100663469 67110422 0 0 0
1450064535239 cpu2 537873137 33589844 134272863 2990945 1158 7470 33557712 0 0 0
1450064535239 cpu3 202119105 33796 33594729 3104597 844 5268 167774417 0 0 0
1450064535340 cpu  1983704323 33698011 302207389 16964784 23007 1040201293 3456121262 0 0 0
1450064535340 cpu0 672083644 33359 67155205 7996751 19058 939525086 3187678711 0 0 0
1450064535340 cpu1 571628433 41012 67184592 2872476 1947 100663469 67110422 0 0 0
1450064535340 cpu2 537873138 33589844 134272863 2990954 1158 7470 33557712 0 0 0
1450064535340 cpu3 202119108 33796 33594729 3104603 844 5268 167774417 0 0 0
1450064535438 cpu  1983704336 33698013 302207390 16964805 23007 1040201293 3456121262 0 0 0
1450064535438 cpu0 672083646 33359 67155205 7996758 19058 939525086 3187678711 0 0 0
1450064535438 cpu1 571628439 41013 67184592 2872478 1947 100663469 67110422 0 0 0
1450064535438 cpu2 537873139 33589844 134272864 2990961 1158 7470 33557712 0 0 0
1450064535438 cpu3 202119112 33797 33594729 3104608 844 5268 167774417 0 0 0
1450064535522 cpu  1983704348 33698018 302207391 16964820 23007 1040201293 3456121262 0 0 0
1450064535522 cpu0 672083648 33359 67155205 7996763 19058 939525086 3187678711 0 0 0
1450064535522 cpu1 571628443 41016 67184592 2872480 1947 100663469 67110422 0 0 0
1450064535522 cpu2 537873143 33589844 134272865 2990965 1158 7470 33557712 0 0 0
1450064535522 cpu3 202119114 33799 33594729 3104612 844 5268 167774417 0 0 0
1450064535622 cpu  1983704369 33698021 302207393 16964828 23007 1040201293 3456121262 0 0 0
1450064535622 cpu0 672083651 33360 67155205 7996766 19058 939525086 3187678711 0 0 0
1450064535622 cpu1 571628448 41018 67184592 2872482 1947 100663469 67110422 0 0 0
1450064535622 cpu2 537873148 33589844 134272866 2990968 1158 7470 33557712 0 0 0
1450064535622 cpu3 202119122 33799 33594730 3104612 844 5268 167774417 0 0 0
1450064535710 cpu  1983704378 33698021 302207394 16964852 23007 1040201294 3456121262 0 0 0
1450064535710 cpu0 672083652 33360 67155205 7996774 19058 939525086 3187678711 0 0 0
1450064535710 cpu1 571628451 41018 67184592 2872487 1947 100663469 67110422 0 0 0
1450064535710 cpu2 537873148 33589844 134272866 2990976 1158 7471 33557712 0 0 0
1450064535710 cpu3 202119127 33799 33594731 3104615 844 5268 167774417 0 0 0
1450064535792 cpu  1983704387 33698021 302207394 16964876 23007 1040201294 3456121262 0 0 0
1450064535792 cpu0 672083652 33360 67155205 7996782 19058 939525086 3187678711 0 0 0
1450064535792 cpu1 571628451 41018 67184592 2872495 1947 100663469 67110422 0 0 0
1450064535792 cpu2 537873149 33589844 134272866 2990984 1158 7471 33557712 0 0 0
1450064535792 cpu3 202119135 33799 33594731 3104615 844 5268 167774417 0 0 0
1450064535894 cpu  1983704401 33698021 302207394 16964899 23007 1040201294 3456121262 0 0 0
1450064535894 cpu0 672083655 33360 67155205 7996788 19058 939525086 3187678711 0 0 0
1450064535894 cpu1 571628452 41018 67184592 2872504 1947 100663469 67110422 0 0 0
1450064535894 cpu2 537873151 33589844 134272866 2990991 1158 7471 33557712 0 0 0
1450064535894 cpu3 202119143 33799 33594731 3104616 844 5268 167774417 0 0 0
1450064535963 cpu  1983704408 33698021 302207394 16964920 23007 1040201294 3456121263 0 0 0
1450064535963 cpu0 672083658 33360 67155205 7996791 19058 939525086 3187678712 0 0 0
1450064535963 cpu1 571628452 41018 67184592 2872511 1947 100663469 67110422 0 0 0
1450064535963 cpu2 537873152 33589844 134272866 2990997 1158 7471 33557712 0 0 0
1450064535963 cpu3 202119146 33799 33594731 3104621 844 5268 167774417 0 0 0
1450064536064 cpu  1983704423 33698021 302207397 16964941 23007 1040201294 3456121263 0 0 0
1450064536064 cpu0 672083661 33360 67155205 7996797 19058 939525086 3187678712 0 0 0
1450064536064 cpu1 571628455 41018 67184593 2872517 1947 100663469 67110422 0 0 0
1450064536064 cpu2 537873158 33589844 134272867 2991000 1158 7471 33557712 0 0 0
1450064536064 cpu3 202119149 33799 33594732 3104627 844 5268 167774417 0 0 0
1450064536163 cpu  1983704440 33698024 302207398 16964954 23007 1040201294 3456121263 0 0 0
1450064536163 cpu0 672083664 33360 67155205 7996802 19058 939525086 3187678712 0 0 0
1450064536163 cpu1 571628458 41018 67184594 2872521 1947 100663469 67110422 0 0 0
1450064536163 cpu2 537873166 33589845 134272867 2991000 1158 7471 33557712 0 0 0
1450064536163 cpu3 202119152 33801 33594732 3104631 844 5268 167774417 0 0 0
1450064536261 cpu  1983704460 33698025 302207401 16964965 23007 1040201294 3456121263 0 0 0
1450064536261 cpu0 672083667 33360 67155206 7996805 19058 939525086 3187678712 0 0 0
1450064536261 cpu1 571628463 41018 67184595 2872525 1947 100663469 67110422 0 0 0
1450064536261 cpu2 537873172 33589846 134272868 2991001 1158 7471 33557712 0 0 0
1450064536261 cpu3 202119158 33801 33594732 3104634 844 5268 167774417 0 0 0
1450064536358 cpu  1983704475 33698027 302207402 16964979 23011 1040201294 3456121263 0 0 0
1450064536358 cpu0 672083669 33360 67155206 7996809 19061 939525086 3187678712 0 0 0
1450064536358 cpu1 571628466 41018 67184596 2872530 1947 100663469 67110422 0 0 0
1450064536358 cpu2 537873180 33589846 134272868 2991001 1159 7471 33557712 0 0 0
1450064536358 cpu3 202119160 33803 33594732 3104639 844 5268 167774417 0 0 0
1450064536458 cpu  1983704487 33698027 302207404 16965000 23011 1040201294 3456121263 0 0 0
1450064536458 cpu0 672083670 33360 67155206 7996816 19061 939525086 3187678712 0 0 0
1450064536458 cpu1 571628468 41018 67184596 2872537 1947 100663469 67110422 0 0 0
1450064536458 cpu2 537873187 33589846 134272870 2991001 1159 7471 33557712 0 0 0
1450064536458 cpu3 202119162 33803 33594732 3104646 844 5268 167774417 0 0 0
1450064536558 cpu  1983704500 33698027 302207406 16965025 23011 1040201294 3456121263 0 0 0
1450064536558 cpu0 672083672 33360 67155206 7996824 19061 939525086 3187678712 0 0 0
1450064536558 cpu1 571628470 41018 67184596 2872545 1947 100663469 67110422 0 0 0
1450064536558 cpu2 537873196 33589846 134272871 2991001 1159 7471 33557712 0 0 0
1450064536558 cpu3 202119162 33803 33594733 3104655 844 5268 167774417 0 0 0
1450064536658 cpu  1983704522 33698028 302207409 16965040 23011 1040201294 3456121263 0 0 0
1450064536658 cpu0 672083675 33361 67155207 7996829 19061 939525086 3187678712 0 0 0
1450064536658 cpu1 571628475 41018 67184597 2872549 1947 100663469 67110422 0 0 0
1450064536658 cpu2 537873205 33589846 134272872 2991002 1159 7471 33557712 0 0 0
1450064536658 cpu3 202119167 33803 33594733 3104660 844 5268 167774417 0 0 0
1450064536733 cpu  1983704538 33698028 302207409 16965049 23011 1040201294 3456121263 0 0 0
1450064536733 cpu0 672083678 33361 67155207 7996832 19061 939525086 3187678712 0 0 0
1450064536733 cpu1 571628480 41018 67184597 2872551 1947 100663469 67110422 0 0 0
1450064536733 cpu2 537873210 33589846 134272872 2991002 1159 7471 33557712 0 0 0
1450064536733 cpu3 202119170 33803 33594733 3104664 844 5268 167774417 0 0 0
1450064536828 cpu  1983704554 33698028 302207410 16965067 23011 1040201294 3456121264 0 0 0
1450064536828 cpu0 672083682 33361 67155207 7996837 19061 939525086 3187678712 0 0 0
1450064536828 cpu1 571628482 41018 67184598 2872556 1947 100663469 67110423 0 0 0
1450064536828 cpu2 537873219 33589846 134272872 2991003 1159 7471 33557712 0 0 0
1450064536828 cpu3 202119171 33803 33594733 3104671 844 5268 167774417 0 0 0
1450064536930 cpu  1983704571 33698031 302207410 16965087 23011 1040201294 3456121264 0 0 0
1450064536930 cpu0 672083684 33361 67155207 7996845 19061 939525086 3187678712 0 0 0
1450064536930 cpu1 571628486 41021 67184598 2872560 1947 100663469 67110423 0 0 0
1450064536930 cpu2 537873225 33589846 134272872 2991006 1159 7471 33557712 0 0 0
1450064536930 cpu3 202119176 33803 33594733 3104676 844 5268 167774417 0 0 0
1450064537019 cpu  1983704586 33698031 302207410 16965106 23011 1040201294 3456121264 0 0 0
1450064537019 cpu0 672083685 33361 67155207 7996851 19061 939525086 3187678712 0 0 0
1450064537019 cpu1 571628490 41021 67184598 2872565 1947 100663469 67110423 0 0 0
1450064537019 cpu2 537873230 33589846 134272872 2991010 1159 7471 33557712 0 0 0
1450064537019 cpu3 202119181 33803 33594733 3104681 844 5268 167774417 0 0 0
1450064537118 cpu  1983704601 33698031 302207410 16965128 23011 1040201294 3456121265 0 0 0
1450064537118 cpu0 672083686 33361 67155207 7996859 19061 939525086 3187678713 0 0 0
1450064537118 cpu1 571628494 41021 67184598 2872570 1947 100663469 67110423 0 0 0
1450064537118 cpu2 537873240 33589846 134272872 2991010 1159 7471 33557712 0 0 0
1450064537118 cpu3 202119181 33803 33594733 3104689 844 5268 167774417 0 0 0
1450064537198 cpu  1983704618 33698031 302207410 16965141 23011 1040201294 3456121265 0 0 0
1450064537198 cpu0 672083689 33361 67155207 7996863 19061 939525086 3187678713 0 0 0
1450064537198 cpu1 571628498 41021 67184598 2872574 1947 100663469 67110423 0 0 0
1450064537198 cpu2 537873247 33589846 134272872 2991010 1159 7471 33557712 0 0 0
1450064537198 cpu3 202119184 33803 33594733 3104694 844 5268 167774417 0 0 0
1450064537288 cpu  1983704636 33698031 302207410 16965158 23011 1040201294 3456121265 0 0 0
1450064537288 cpu0 672083692 33361 67155207 7996868 19061 939525086 3187678713 0 0 0
1450064537288 cpu1 571628502 41021 67184598 2872579 1947 100663469 67110423 0 0 0
1450064537288 cpu2 537873255 33589846 134272872 2991011 1159 7471 33557712 0 0 0
1450064537288 cpu3 202119187 33803 33594733 3104700 844 5268 167774417 0 0 0
1450064537388 cpu  1983704654 33698031 302207410 16965176 23011 1040201294 3456121265 0 0 0
1450064537388 cpu0 672083694 33361 67155207 7996874 19061 939525086 3187678713 0 0 0
1450064537388 cpu1 571628507 41021 67184598 2872583 1947 100663469 67110423 0 0 0
1450064537388 cpu2 537873265 33589846 134272872 2991011 1159 7471 33557712 0 0 0
1450064537388 cpu3 202119188 33803 33594733 3104708 844 5268 167774417 0 0 0
1450064537488 cpu  1983704670 33698034 302207410 16965190 23011 1040201294 3456121265 0 0 0
1450064537488 cpu0 672083697 33361 67155207 7996878 19061 939525086 3187678713 0 0 0
1450064537488 cpu1 571628510 41023 67184598 2872587 1947 100663469 67110423 0 0 0
1450064537488 cpu2 537873271 33589846 134272872 2991012 1159 7471 33557712 0 0 0
1450064537488 cpu3 202119192 33804 33594733 3104713 844 5268 167774417 0 0 0
1450064537556 cpu  1983704685 33698039 302207412 16965194 23011 1040201294 3456121265 0 0 0
1450064537556 cpu0 672083699 33363 67155207 7996880 19061 939525086 3187678713 0 0 0
1450064537556 cpu1 571628514 41023 67184600 2872588 1947 100663469 67110423 0 0 0
1450064537556 cpu2 537873277 33589847 134272872 2991012 1159 7471 33557712 0 0 0
1450064537556 cpu3 202119195 33806 33594733 3104714 844 5268 167774417 0 0 0
1450064537640 cpu  1983704702 33698044 302207412 16965203 23011 1040201294 3456121265 0 0 0
1450064537640 cpu0 672083701 33364 67155207 7996883 19061 939525086 3187678713 0 0 0
1450064537640 cpu1 571628518 41025 67184600 2872590 1947 100663469 67110423 0 0 0
1450064537640 cpu2 537873284 33589848 134272872 2991013 1159 7471 33557712 0 0 0
1450064537640 cpu3 202119199 33807 33594733 3104717 844 5268 167774417 0 0 0
1450064537741 cpu  1983704715 33698044 302207413 16965225 23011 1040201294 3456121265 0 0 0
1450064537741 cpu0 672083703 33364 67155207 7996890 19061 939525086 3187678713 0 0 0
1450064537741 cpu1 571628524 41025 67184600 2872593 1947 100663469 67110423 0 0 0
1450064537741 cpu2 537873288 33589848 134272873 2991017 1159 7471 33557712 0 0 0
1450064537741 cpu3 202119200 33807 33594733 3104725 844 5268 167774417 0 0 0
1450064537842 cpu  1983704727 33698044 302207413 16965253 23011 1040201294 3456121265 0 0 0
1450064537842 cpu0 672083704 33364 67155207 7996899 19061 939525086 3187678713 0 0 0
1450064537842 cpu1 571628527 41025 67184600 2872600 1947 100663469 67110423 0 0 0
1450064537842 cpu2 537873294 33589848 134272873 2991021 1159 7471 33557712 0 0 0
1450064537842 cpu3 202119202 33807 33594733 3104733 844 5268 167774417 0 0 0
1450064537943 cpu  1983704741 33698044 302207413 16965275 23011 1040201294 3456121265 0 0 0
1450064537943 cpu0 672083705 33364 67155207 7996906 19061 939525086 3187678713 0 0 0
1450064537943 cpu1 571628534 41025 67184600 2872602 1947 100663469 67110423 0 0 0
1450064537943 cpu2 537873298 33589848 134272873 2991026 1159 7471 33557712 0 0 0
1450064537943 cpu3 202119204 33807 33594733 3104741 844 5268 167774417 0 0 0
1450064538045 cpu  1983704755 33698044 302207413 16965299 23011 1040201294 3456121265 0 0 0
1450064538045 cpu0 672083706 33364 67155207 7996914 19061 939525086 3187678713 0 0 0
1450064538045 cpu1 571628540 41025 67184600 2872605 1947 100663469 67110423 0 0 0
1450064538045 cpu2 537873303 33589848 134272873 2991031 1159 7471 33557712 0 0 0
1450064538045 cpu3 202119206 33807 33594733 3104749 844 5268 167774417 0 0 0
1450064538144 cpu  1983704773 33698044 302207413 16965318 23011 1040201294 3456121265 0 0 0
1450064538144 cpu0 672083709 33364 67155207 7996920 19061 939525086 3187678713 0 0 0
1450064538144 cpu1 571628550 41025 67184600 2872605 1947 100663469 67110423 0 0 0
1450064538144 cpu2 537873305 33589848 134272873 2991038 1159 7471 33557712 0 0 0
1450064538144 cpu3 202119209 33807 33594733 3104755 844 5268 167774417 0 0 0
1450064538238 cpu  1983704790 33698047 302207415 16965333 23011 1040201294 3456121265 0 0 0
1450064538238 cpu0 672083712 33364 67155208 7996925 19061 939525086 3187678713 0 0 0
1450064538238 cpu1 571628558 41026 67184601 2872605 1947 100663469 67110423 0 0 0
1450064538238 cpu2 537873308 33589848 134272873 2991043 1159 7471 33557712 0 0 0
1450064538238 cpu3 202119212 33809 33594733 3104760 844 5268 167774417 0 0 0
1450064538338 cpu  1983704806 33698052 302207415 16965350 23011 1040201294 3456121265 0 0 0
1450064538338 cpu0 672083713 33365 67155208 7996932 19061 939525086 3187678713 0 0 0
1450064538338 cpu1 571628565 41028 67184601 2872605 1947 100663469 67110423 0 0 0
1450064538338 cpu2 537873313 33589849 134272873 2991048 1159 7471 33557712 0 0 0
1450064538338 cpu3 202119215 33810 33594733 3104765 844 5268 167774417 0 0 0
1450064538438 cpu  1983704818 33698052 302207415 16965378 23011 1040201294 3456121265 0 0 0
1450064538438 cpu0 672083714 33365 67155208 7996941 19061 939525086 3187678713 0 0 0
1450064538438 cpu1 571628575 41028 67184601 2872605 1947 100663469 67110423 0 0 0
1450064538438 cpu2 537873313 33589849 134272873 2991057 1159 7471 33557712 0 0 0
1450064538438 cpu3 202119216 33810 33594733 3104775 844 5268 167774417 0 0 0
1450064538538 cpu  1983704834 33698052 302207417 16965397 23011 1040201294 3456121265 0 0 0
1450064538538 cpu0 672083715 33365 67155208 7996947 19061 939525086 3187678713 0 0 0
1450064538538 cpu1 571628582 41028 67184601 2872608 1947 100663469 67110423 0 0 0
1450064538538 cpu2 537873317 33589849 134272874 2991063 1159 7471 33557712 0 0 0
1450064538538 cpu3 202119220 33810 33594734 3104779 844 5268 167774417 0 0 0
1450064538638 cpu  1983704846 33698053 302207422 16965415 23011 1040201294 3456121265 0 0 0
1450064538638 cpu0 672083717 33365 67155209 7996953 19061 939525086 3187678713 0 0 0
1450064538638 cpu1 571628587 41028 67184603 2872609 1947 100663469 67110423 0 0 0
1450064538638 cpu2 537873320 33589849 134272875 2991068 1159 7471 33557712 0 0 0
1450064538638 cpu3 202119222 33811 33594735 3104785 844 5268 167774417 0 0 0
1450064538738 cpu  1983704859 33698053 302207422 16965442 23011 1040201294 3456121265 0 0 0
1450064538738 cpu0 672083718 33365 67155209 7996962 19061 939525086 3187678713 0 0 0
1450064538738 cpu1 571628594 41028 67184603 2872612 1947 100663469 67110423 0 0 0
1450064538738 cpu2 537873321 33589849 134272875 2991077 1159 7471 33557712 0 0 0
1450064538738 cpu3 202119226 33811 33594735 3104791 844 5268 167774417 0 0 0
1450064538838 cpu  1983704872 33698053 302207423 16965465 23011 1040201294 3456121265 0 0 0
1450064538838 cpu0 672083719 33365 67155209 7996970 19061 939525086 3187678713 0 0 0
1450064538838 cpu1 571628603 41028 67184604 2872612 1947 100663469 67110423 0 0 0
1450064538838 cpu2 537873324 33589849 134272875 2991083 1159 7471 33557712 0 0 0
1450064538838 cpu3 202119226 33811 33594735 3104800 844 5268 167774417 0 0 0
1450064538938 cpu  1983704888 33698057 302207425 16965481 23011 1040201294 3456121265 0 0 0
1450064538938 cpu0 672083722 33365 67155209 7996976 19061 939525086 3187678713 0 0 0
1450064538938 cpu1 571628611 41028 67184605 2872612 1947 100663469 67110423 0 0 0
1450064538938 cpu2 537873327 33589851 134272875 2991088 1159 7471 33557712 0 0 0
1450064538938 cpu3 202119228 33813 33594736 3104805 844 5268 167774417 0 0 0
1450064539035 cpu  1983704910 33698063 302207425 16965488 23011 1040201294 3456121265 0 0 0
1450064539035 cpu0 672083726 33366 67155209 7996979 19061 939525086 3187678713 0 0 0
1450064539035 cpu1 571628619 41029 67184605 2872613 1947 100663469 67110423 0 0 0
1450064539035 cpu2 537873334 33589852 134272875 2991089 1159 7471 33557712 0 0 0
1450064539035 cpu3 202119231 33816 33594736 3104807 844 5268 167774417 0 0 0
1450064539135 cpu  1983704928 33698063 302207427 16965506 23011 1040201294 3456121265 0 0 0
1450064539135 cpu0 672083730 33366 67155209 7996984 19061 939525086 3187678713 0 0 0
1450064539135 cpu1 571628628 41029 67184605 2872613 1947 100663469 67110423 0 0 0
1450064539135 cpu2 537873337 33589852 134272876 2991095 1159 7471 33557712 0 0 0
1450064539135 cpu3 202119233 33816 33594737 3104814 844 5268 167774417 0 0 0
1450064539208 cpu  1983704944 33698063 302207427 16965519 23011 1040201294 3456121265 0 0 0
1450064539208 cpu0 672083732 33366 67155209 7996988 19061 939525086 3187678713 0 0 0
1450064539208 cpu1 571628635 41029 67184605 2872614 1947 100663469 67110423 0 0 0
1450064539208 cpu2 537873340 33589852 134272876 2991099 1159 7471 33557712 0 0 0
1450064539208 cpu3 202119237 33816 33594737 3104818 844 5268 167774417 0 0 0
1450064539308 cpu  1983704967 33698065 302207428 16965524 23011 1040201295 3456121265 0 0 0
1450064539308 cpu0 672083738 33366 67155209 7996990 19061 939525086 3187678713 0 0 0
1450064539308 cpu1 571628641 41031 67184605 2872614 1947 100663469 67110423 0 0 0
1450064539308 cpu2 537873344 33589852 134272877 2991101 1159 7471 33557712 0 0 0
1450064539308 cpu3 202119244 33816 33594737 3104819 844 5269 167774417 0 0 0
1450064539408 cpu  1983704987 33698067 302207428 16965540 23011 1040201295 3456121265 0 0 0
1450064539408 cpu0 672083741 33366 67155209 7996996 19061 939525086 3187678713 0 0 0
1450064539408 cpu1 571628648 41032 67184605 2872614 1947 100663469 67110423 0 0 0
1450064539408 cpu2 537873349 33589853 134272877 2991106 1159 7471 33557712 0 0 0
1450064539408 cpu3 202119249 33816 33594737 3104824 844 5269 167774417 0 0 0
1450064539508 cpu  1983705008 33698067 302207428 16965557 23011 1040201295 3456121265 0 0 0
1450064539508 cpu0 672083744 33366 67155209 7997002 19061 939525086 3187678713 0 0 0
1450064539508 cpu1 571628657 41032 67184605 2872615 1947 100663469 67110423 0 0 0
1450064539508 cpu2 537873355 33589853 134272877 2991110 1159 7471 33557712 0 0 0
1450064539508 cpu3 202119252 33816 33594737 3104830 844 5269 167774417 0 0 0
1450064539609 cpu  1983705024 33698067 302207428 16965576 23012 1040201295 3456121265 0 0 0
1450064539609 cpu0 672083747 33366 67155209 7997006 19062 939525086 3187678713 0 0 0
1450064539609 cpu1 571628666 41032 67184605 2872615 1947 100663469 67110423 0 0 0
1450064539609 cpu2 537873357 33589853 134272877 2991117 1159 7471 33557712 0 0 0
1450064539609 cpu3 202119254 33816 33594737 3104838 844 5269 167774417 0 0 0
1450064539708 cpu  1983705047 33698073 302207428 16965584 23012 1040201295 3456121265 0 0 0
1450064539708 cpu0 672083752 33368 67155209 7997008 19062 939525086 3187678713 0 0 0
1450064539708 cpu1 571628673 41034 67184605 2872616 1947 100663469 67110423 0 0 0
1450064539708 cpu2 537873362 33589854 134272877 2991120 1159 7471 33557712 0 0 0
1450064539708 cpu3 202119260 33817 33594737 3104840 844 5269 167774417 0 0 0
1450064539808 cpu  1983705064 33698075 302207429 16965600 23012 1040201296 3456121265 0 0 0
1450064539808 cpu0 672083755 33368 67155210 7997013 19062 939525086 3187678713 0 0 0
1450064539808 cpu1 571628680 41035 67184605 2872617 1947 100663469 67110423 0 0 0
1450064539808 cpu2 537873366 33589854 134272877 2991124 1159 7472 33557712 0 0 0
1450064539808 cpu3 202119263 33818 33594737 3104846 844 5269 167774417 0 0 0
1450064539881 cpu  1983705081 33698076 302207429 16965608 23012 1040201296 3456121265 0 0 0
1450064539881 cpu0 672083758 33368 67155210 7997014 19062 939525086 3187678713 0 0 0
1450064539881 cpu1 571628685 41035 67184605 2872619 1947 100663469 67110423 0 0 0
1450064539881 cpu2 537873370 33589855 134272877 2991127 1159 7472 33557712 0 0 0
1450064539881 cpu3 202119268 33818 33594737 3104848 844 5269 167774417 0 0 0
1450064539943 cpu  1983705090 33698083 302207430 16965610 23013 1040201296 3456121265 0 0 0
1450064539943 cpu0 672083759 33369 67155210 7997015 19063 939525086 3187678713 0 0 0
1450064539943 cpu1 571628687 41037 67184606 2872619 1947 100663469 67110423 0 0 0
1450064539943 cpu2 537873372 33589858 134272877 2991127 1159 7472 33557712 0 0 0
1450064539943 cpu3 202119272 33819 33594737 3104849 844 5269 167774417 0 0 0
1450064540008 cpu  1983705092 33698085 302207434 16965629 23013 1040201296 3456121265 0 0 0
1450064540008 cpu0 672083759 33369 67155210 7997022 19063 939525086 3187678713 0 0 0
1450064540008 cpu1 571628688 41038 67184608 2872623 1947 100663469 67110423 0 0 0
1450064540008 cpu2 537873372 33589859 134272879 2991130 1159 7472 33557712 0 0 0
1450064540008 cpu3 202119273 33819 33594737 3104854 844 5269 167774417 0 0 0
1450064540108 cpu  1983705110 33698085 302207435 16965647 23013 1040201296 3456121266 0 0 0
1450064540108 cpu0 672083762 33369 67155210 7997027 19063 939525086 3187678714 0 0 0
1450064540108 cpu1 571628695 41038 67184608 2872626 1947 100663469 67110423 0 0 0
1450064540108 cpu2 537873375 33589859 134272879 2991136 1159 7472 33557712 0 0 0
1450064540108 cpu3 202119278 33819 33594738 3104858 844 5269 167774417 0 0 0
1450064540208 cpu  1983705112 33698085 302207435 16965681 23013 1040201296 3456121266 0 0 0
1450064540208 cpu0 672083762 33369 67155210 7997036 19063 939525086 3187678714 0 0 0
1450064540208 cpu1 571628696 41038 67184608 2872633 1947 100663469 67110423 0 0 0
1450064540208 cpu2 537873376 33589859 134272879 2991145 1159 7472 33557712 0 0 0
1450064540208 cpu3 202119278 33819 33594738 3104867 844 5269 167774417 0 0 0
1450064540309 cpu  1983705121 33698085 302207437 16965707 23014 1040201296 3456121267 0 0 0
1450064540309 cpu0 672083764 33369 67155210 7997041 19064 939525086 3187678715 0 0 0
1450064540309 cpu1 571628699 41038 67184610 2872638 1947 100663469 67110423 0 0 0
1450064540309 cpu2 537873377 33589859 134272879 2991154 1159 7472 33557712 0 0 0
1450064540309 cpu3 202119281 33819 33594738 3104874 844 5269 167774417 0 0 0
1450064540411 cpu  1983705136 33698085 302207439 16965729 23014 1040201296 3456121267 0 0 0
1450064540411 cpu0 672083765 33369 67155210 7997050 19064 939525086 3187678715 0 0 0
1450064540411 cpu1 571628705 41038 67184610 2872641 1947 100663469 67110423 0 0 0
1450064540411 cpu2 537873382 33589859 134272880 2991158 1159 7472 33557712 0 0 0
1450064540411 cpu3 202119284 33819 33594739 3104880 844 5269 167774417 0 0 0
1450064540510 cpu  1983705152 33698086 302207440 16965746 23014 1040201296 3456121267 0 0 0
1450064540510 cpu0 672083769 33369 67155211 7997053 19064 939525086 3187678715 0 0 0
1450064540510 cpu1 571628709 41038 67184610 2872646 1947 100663469 67110423 0 0 0
1450064540510 cpu2 537873387 33589860 134272880 2991161 1159 7472 33557712 0 0 0
1450064540510 cpu3 202119287 33819 33594739 3104886 844 5269 167774417 0 0 0
1450064540608 cpu  1983705162 33698090 302207440 16965769 23014 1040201296 3456121267 0 0 0
1450064540608 cpu0 672083773 33369 67155211 7997057 19064 939525086 3187678715 0 0 0
1450064540608 cpu1 571628712 41038 67184610 2872653 1947 100663469 67110423 0 0 0
1450064540608 cpu2 537873390 33589860 134272880 2991168 1159 7472 33557712 0 0 0
1450064540608 cpu3 202119287 33823 33594739 3104891 844 5269 167774417 0 0 0
1450064540710 cpu  1983705168 33698090 302207440 16965806 23014 1040201296 3456121267 0 0 0
1450064540710 cpu0 672083774 33369 67155211 7997066 19064 939525086 3187678715 0 0 0
1450064540710 cpu1 571628714 41038 67184610 2872662 1947 100663469 67110423 0 0 0
1450064540710 cpu2 537873392 33589860 134272880 2991177 1159 7472 33557712 0 0 0
1450064540710 cpu3 202119288 33823 33594739 3104901 844 5269 167774417 0 0 0
1450064540808 cpu  1983705176 33698091 302207441 16965830 23014 1040201296 3456121267 0 0 0
1450064540808 cpu0 672083776 33369 67155211 7997073 19064 939525086 3187678715 0 0 0
1450064540808 cpu1 571628714 41039 67184610 2872669 1947 100663469 67110423 0 0 0
1450064540808 cpu2 537873397 33589860 134272880 2991180 1159 7472 33557712 0 0 0
1450064540808 cpu3 202119289 33823 33594740 3104908 844 5269 167774417 0 0 0
1450064540910 cpu  1983705187 33698094 302207442 16965856 23014 1040201296 3456121267 0 0 0
1450064540910 cpu0 672083779 33369 67155211 7997079 19064 939525086 3187678715 0 0 0
1450064540910 cpu1 571628716 41041 67184611 2872675 1947 100663469 67110423 0 0 0
1450064540910 cpu2 537873399 33589861 134272880 2991188 1159 7472 33557712 0 0 0
1450064540910 cpu3 202119293 33823 33594740 3104914 844 5269 167774417 0 0 0
1450064541008 cpu  1983705205 33698094 302207443 16965871 23014 1040201296 3456121267 0 0 0
1450064541008 cpu0 672083782 33369 67155211 7997083 19064 939525086 3187678715 0 0 0
1450064541008 cpu1 571628721 41041 67184611 2872679 1947 100663469 67110423 0 0 0
1450064541008 cpu2 537873404 33589861 134272880 2991191 1159 7472 33557712 0 0 0
1450064541008 cpu3 202119298 33823 33594741 3104918 844 5269 167774417 0 0 0
1450064541108 cpu  1983705223 33698096 302207443 16965889 23014 1040201296 3456121267 0 0 0
1450064541108 cpu0 672083786 33369 67155211 7997088 19064 939525086 3187678715 0 0 0
1450064541108 cpu1 571628725 41042 67184611 2872684 1947 100663469 67110423 0 0 0
1450064541108 cpu2 537873408 33589861 134272880 2991197 1159 7472 33557712 0 0 0
1450064541108 cpu3 202119304 33824 33594741 3104920 844 5269 167774417 0 0 0
1450064541210 cpu  1983705238 33698098 302207445 16965906 23014 1040201296 3456121267 0 0 0
1450064541210 cpu0 672083789 33369 67155211 7997093 19064 939525086 3187678715 0 0 0
1450064541210 cpu1 571628727 41044 67184612 2872689 1947 100663469 67110423 0 0 0
1450064541210 cpu2 537873410 33589861 134272881 2991203 1159 7472 33557712 0 0 0
1450064541210 cpu3 202119312 33824 33594741 3104921 844 5269 167774417 0 0 0
1450064541308 cpu  1983705261 33698099 302207446 16965916 23014 1040201296 3456121267 0 0 0
1450064541308 cpu0 672083793 33369 67155211 7997096 19064 939525086 3187678715 0 0 0
1450064541308 cpu1 571628733 41044 67184612 2872691 1947 100663469 67110423 0 0 0
1450064541308 cpu2 537873416 33589862 134272881 2991206 1159 7472 33557712 0 0 0
1450064541308 cpu3 202119319 33824 33594742 3104923 844 5269 167774417 0 0 0
1450064541409 cpu  1983705276 33698099 302207446 16965937 23016 1040201296 3456121267 0 0 0
1450064541409 cpu0 672083795 33369 67155211 7997101 19066 939525086 3187678715 0 0 0
1450064541409 cpu1 571628737 41044 67184612 2872697 1947 100663469 67110423 0 0 0
1450064541409 cpu2 537873420 33589862 134272881 2991212 1159 7472 33557712 0 0 0
1450064541409 cpu3 202119324 33824 33594742 3104928 844 5269 167774417 0 0 0
1450064541508 cpu  1983705279 33698099 302207446 16965974 23016 1040201296 3456121267 0 0 0
1450064541508 cpu0 672083796 33369 67155211 7997110 19066 939525086 3187678715 0 0 0
1450064541508 cpu1 571628738 41044 67184612 2872706 1947 100663469 67110423 0 0 0
1450064541508 cpu2 537873420 33589862 134272881 2991222 1159 7472 33557712 0 0 0
1450064541508 cpu3 202119325 33824 33594742 3104936 844 5269 167774417 0 0 0
1450064541602 cpu  1983705303 33698100 302207446 16965982 23016 1040201296 3456121268 0 0 0
1450064541602 cpu0 672083800 33369 67155211 7997112 19066 939525086 3187678716 0 0 0
1450064541602 cpu1 571628744 41045 67184612 2872709 1947 100663469 67110423 0 0 0
1450064541602 cpu2 537873429 33589862 134272881 2991222 1159 7472 33557712 0 0 0
1450064541602 cpu3 202119330 33824 33594742 3104939 844 5269 167774417 0 0 0
1450064541703 cpu  1983705323 33698100 302207448 16965997 23016 1040201296 3456121269 0 0 0
1450064541703 cpu0 672083803 33369 67155212 7997117 19066 939525086 3187678717 0 0 0
1450064541703 cpu1 571628749 41045 67184613 2872712 1947 100663469 67110423 0 0 0
1450064541703 cpu2 537873434 33589862 134272881 2991226 1159 7472 33557712 0 0 0
1450064541703 cpu3 202119337 33824 33594742 3104942 844 5269 167774417 0 0 0
1450064541804 cpu  1983705338 33698100 302207450 16966016 23016 1040201296 3456121269 0 0 0
1450064541804 cpu0 672083806 33369 67155212 7997122 19066 939525086 3187678717 0 0 0
1450064541804 cpu1 571628753 41045 67184613 2872717 1947 100663469 67110423 0 0 0
1450064541804 cpu2 537873438 33589862 134272883 2991230 1159 7472 33557712 0 0 0
1450064541804 cpu3 202119341 33824 33594742 3104947 844 5269 167774417 0 0 0
1450064541898 cpu  1983705355 33698101 302207450 16966032 23016 1040201296 3456121269 0 0 0
1450064541898 cpu0 672083811 33370 67155212 7997125 19066 939525086 3187678717 0 0 0
1450064541898 cpu1 571628759 41045 67184613 2872720 1947 100663469 67110423 0 0 0
1450064541898 cpu2 537873441 33589862 134272883 2991235 1159 7472 33557712 0 0 0
1450064541898 cpu3 202119344 33824 33594742 3104952 844 5269 167774417 0 0 0
1450064541977 cpu  1983705372 33698101 302207450 16966046 23016 1040201296 3456121269 0 0 0
1450064541977 cpu0 672083814 33370 67155212 7997128 19066 939525086 3187678717 0 0 0
1450064541977 cpu1 571628763 41045 67184613 2872724 1947 100663469 67110423 0 0 0
1450064541977 cpu2 537873445 33589862 134272883 2991239 1159 7472 33557712 0 0 0
1450064541977 cpu3 202119350 33824 33594742 3104955 844 5269 167774417 0 0 0
1450064542078 cpu  1983705387 33698101 302207450 16966068 23016 1040201296 3456121269 0 0 0
1450064542078 cpu0 672083816 33370 67155212 7997135 19066 939525086 3187678717 0 0 0
1450064542078 cpu1 571628772 41045 67184613 2872725 1947 100663469 67110423 0 0 0
1450064542078 cpu2 537873447 33589862 134272883 2991245 1159 7472 33557712 0 0 0
1450064542078 cpu3 202119352 33824 33594742 3104963 844 5269 167774417 0 0 0
1450064542186 cpu  1983705401 33698104 302207452 16966085 23016 1040201296 3456121269 0 0 0
1450064542186 cpu0 672083819 33370 67155212 7997140 19066 939525086 3187678717 0 0 0
1450064542186 cpu1 571628776 41045 67184614 2872729 1947 100663469 67110423 0 0 0
1450064542186 cpu2 537873451 33589865 134272883 2991248 1159 7472 33557712 0 0 0
1450064542186 cpu3 202119355 33824 33594743 3104968 844 5269 167774417 0 0 0
1450064542278 cpu  1983705419 33698104 302207453 16966097 23016 1040201296 3456121270 0 0 0
1450064542278 cpu0 672083822 33370 67155212 7997142 19066 939525086 3187678718 0 0 0
1450064542278 cpu1 571628781 41045 67184614 2872732 1947 100663469 67110423 0 0 0
1450064542278 cpu2 537873456 33589865 134272883 2991252 1159 7472 33557712 0 0 0
1450064542278 cpu3 202119360 33824 33594744 3104971 844 5269 167774417 0 0 0
1450064542378 cpu  1983705440 33698104 302207453 16966112 23016 1040201296 3456121270 0 0 0
1450064542378 cpu0 672083824 33370 67155212 7997148 19066 939525086 3187678718 0 0 0
1450064542378 cpu1 571628790 41045 67184614 2872733 1947 100663469 67110423 0 0 0
1450064542378 cpu2 537873462 33589865 134272883 2991255 1159 7472 33557712 0 0 0
1450064542378 cpu3 202119364 33824 33594744 3104976 844 5269 167774417 0 0 0
1450064542478 cpu  1983705454 33698104 302207455 16966134 23016 1040201296 3456121270 0 0 0
1450064542478 cpu0 672083825 33370 67155213 7997155 19066 939525086 3187678718 0 0 0
1450064542478 cpu1 571628797 41045 67184615 2872734 1947 100663469 67110423 0 0 0
1450064542478 cpu2 537873464 33589865 134272883 2991263 1159 7472 33557712 0 0 0
1450064542478 cpu3 202119368 33824 33594744 3104982 844 5269 167774417 0 0 0
1450064542559 cpu  1983705462 33698104 302207455 16966155 23016 1040201296 3456121270 0 0 0
1450064542559 cpu0 672083827 33370 67155213 7997160 19066 939525086 3187678718 0 0 0
1450064542559 cpu1 571628803 41045 67184615 2872735 1947 100663469 67110423 0 0 0
1450064542559 cpu2 537873464 33589865 134272883 2991271 1159 7472 33557712 0 0 0
1450064542559 cpu3 202119368 33824 33594744 3104989 844 5269 167774417 0 0 0
1450064542662 cpu  1983705477 33698104 302207456 16966183 23016 1040201296 3456121270 0 0 0
1450064542662 cpu0 672083829 33370 67155213 7997169 19066 939525086 3187678718 0 0 0
1450064542662 cpu1 571628813 41045 67184615 2872736 1947 100663469 67110423 0 0 0
1450064542662 cpu2 537873466 33589865 134272884 2991279 1159 7472 33557712 0 0 0
1450064542662 cpu3 202119369 33824 33594744 3104999 844 5269 167774417 0 0 0
1450064542761 cpu  1983705498 33698104 302207456 16966197 23016 1040201296 3456121270 0 0 0
1450064542761 cpu0 672083831 33370 67155213 7997175 19066 939525086 3187678718 0 0 0
1450064542761 cpu1 571628822 41045 67184615 2872736 1947 100663469 67110423 0 0 0
1450064542761 cpu2 537873471 33589865 134272884 2991282 1159 7472 33557712 0 0 0
1450064542761 cpu3 202119374 33824 33594744 3105004 844 5269 167774417 0 0 0
1450064542864 cpu  1983705518 33698105 302207456 16966214 23016 1040201296 3456121270 0 0 0
1450064542864 cpu0 672083833 33371 67155213 7997181 19066 939525086 3187678718 0 0 0
1450064542864 cpu1 571628831 41045 67184615 2872737 1947 100663469 67110423 0 0 0
1450064542864 cpu2 537873476 33589865 134272884 2991287 1159 7472 33557712 0 0 0
1450064542864 cpu3 202119378 33824 33594744 3105009 844 5269 167774417 0 0 0
1450064542958 cpu  1983705533 33698105 302207458 16966234 23016 1040201296 3456121270 0 0 0
1450064542958 cpu0 672083835 33371 67155213 7997188 19066 939525086 3187678718 0 0 0
1450064542958 cpu1 571628840 41045 67184616 2872737 1947 100663469 67110423 0 0 0
1450064542958 cpu2 537873478 33589865 134272885 2991293 1159 7472 33557712 0 0 0
1450064542958 cpu3 202119380 33824 33594744 3105016 844 5269 167774417 0 0 0
1450064543056 cpu  1983705546 33698110 302207459 16966255 23016 1040201296 3456121271 0 0 0
1450064543056 cpu0 672083838 33371 67155213 7997193 19066 939525086 3187678719 0 0 0
1450064543056 cpu1 571628846 41046 67184616 2872740 1947 100663469 67110423 0 0 0
1450064543056 cpu2 537873480 33589868 134272886 2991298 1159 7472 33557712 0 0 0
1450064543056 cpu3 202119382 33825 33594744 3105024 844 5269 167774417 0 0 0
1450064543158 cpu  1983705561 33698110 302207460 16966275 23016 1040201297 3456121271 0 0 0
1450064543158 cpu0 672083841 33371 67155213 7997198 19066 939525086 3187678719 0 0 0
1450064543158 cpu1 571628851 41046 67184616 2872744 1947 100663469 67110423 0 0 0
1450064543158 cpu2 537873483 33589868 134272886 2991304 1159 7472 33557712 0 0 0
1450064543158 cpu3 202119386 33825 33594745 3105029 844 5270 167774417 0 0 0
1450064543258 cpu  1983705578 33698110 302207460 16966296 23016 1040201297 3456121271 0 0 0
1450064543258 cpu0 672083843 33371 67155213 7997205 19066 939525086 3187678719 0 0 0
1450064543258 cpu1 571628857 41046 67184616 2872747 1947 100663469 67110423 0 0 0
1450064543258 cpu2 537873487 33589868 134272886 2991310 1159 7472 33557712 0 0 0
1450064543258 cpu3 202119391 33825 33594745 3105034 844 5270 167774417 0 0 0
1450064543358 cpu  1983705604 33698110 302207461 16966302 23017 1040201297 3456121271 0 0 0
1450064543358 cpu0 672083847 33371 67155213 7997208 19067 939525086 3187678719 0 0 0
1450064543358 cpu1 571628865 41046 67184616 2872748 1947 100663469 67110423 0 0 0
1450064543358 cpu2 537873495 33589868 134272887 2991310 1159 7472 33557712 0 0 0
1450064543358 cpu3 202119397 33825 33594745 3105036 844 5270 167774417 0 0 0
1450064543458 cpu  1983705629 33698111 302207461 16966308 23017 1040201297 3456121271 0 0 0
1450064543458 cpu0 672083850 33372 67155213 7997212 19067 939525086 3187678719 0 0 0
1450064543458 cpu1 571628873 41046 67184616 2872748 1947 100663469 67110423 0 0 0
1450064543458 cpu2 537873503 33589868 134272887 2991310 1159 7472 33557712 0 0 0
1450064543458 cpu3 202119403 33825 33594745 3105038 844 5270 167774417 0 0 0
1450064543558 cpu  1983705654 33698113 302207462 16966313 23017 1040201297 3456121271 0 0 0
1450064543558 cpu0 672083853 33372 67155213 7997216 19067 939525086 3187678719 0 0 0
1450064543558 cpu1 571628880 41046 67184617 2872748 1947 100663469 67110423 0 0 0
1450064543558 cpu2 537873511 33589869 134272887 2991310 1159 7472 33557712 0 0 0
1450064543558 cpu3 202119410 33826 33594745 3105039 844 5270 167774417 0 0 0
1450064543658 cpu  1983705681 33698115 302207463 16966317 23017 1040201297 3456121271 0 0 0
1450064543658 cpu0 672083856 33372 67155213 7997220 19067 939525086 3187678719 0 0 0
1450064543658 cpu1 571628887 41047 67184618 2872748 1947 100663469 67110423 0 0 0
1450064543658 cpu2 537873521 33589869 134272887 2991310 1159 7472 33557712 0 0 0
1450064543658 cpu3 202119417 33827 33594745 3105039 844 5270 167774417 0 0 0
1450064543758 cpu  1983705706 33698116 302207465 16966322 23017 1040201297 3456121271 0 0 0
1450064543758 cpu0 672083858 33372 67155214 7997225 19067 939525086 3187678719 0 0 0
1450064543758 cpu1 571628892 41048 67184619 2872748 1947 100663469 67110423 0 0 0
1450064543758 cpu2 537873529 33589869 134272887 2991310 1159 7472 33557712 0 0 0
1450064543758 cpu3 202119427 33827 33594745 3105039 844 5270 167774417 0 0 0
1450064543858 cpu  1983705737 33698119 302207465 16966325 23017 1040201298 3456121271 0 0 0
1450064543858 cpu0 672083862 33373 67155214 7997228 19067 939525086 3187678719 0 0 0
1450064543858 cpu1 571628902 41048 67184619 2872748 1947 100663469 67110423 0 0 0
1450064543858 cpu2 537873536 33589871 134272887 2991310 1159 7473 33557712 0 0 0
1450064543858 cpu3 202119437 33827 33594745 3105039 844 5270 167774417 0 0 0
1450064543919 cpu  1983705749 33698120 302207465 16966332 23017 1040201298 3456121271 0 0 0
1450064543919 cpu0 672083863 33373 67155214 7997231 19067 939525086 3187678719 0 0 0
1450064543919 cpu1 571628907 41048 67184619 2872748 1947 100663469 67110423 0 0 0
1450064543919 cpu2 537873539 33589871 134272887 2991312 1159 7473 33557712 0 0 0
1450064543919 cpu3 202119440 33828 33594745 3105041 844 5270 167774417 0 0 0
1450064543987 cpu  1983705758 33698120 302207465 16966350 23017 1040201298 3456121271 0 0 0
1450064543987 cpu0 672083864 33373 67155214 7997237 19067 939525086 3187678719 0 0 0
1450064543987 cpu1 571628910 41048 67184619 2872752 1947 100663469 67110423 0 0 0
1450064543987 cpu2 537873540 33589871 134272887 2991318 1159 7473 33557712 0 0 0
1450064543987 cpu3 202119444 33828 33594745 3105043 844 5270 167774417 0 0 0
1450064544084 cpu  1983705771 33698120 302207465 16966373 23017 1040201298 3456121271 0 0 0
1450064544084 cpu0 672083865 33373 67155214 7997244 19067 939525086 3187678719 0 0 0
1450064544084 cpu1 571628912 41048 67184619 2872758 1947 100663469 67110423 0 0 0
1450064544084 cpu2 537873542 33589871 134272887 2991326 1159 7473 33557712 0 0 0
1450064544084 cpu3 202119452 33828 33594745 3105045 844 5270 167774417 0 0 0
1450064544178 cpu  1983705790 33698120 302207466 16966390 23017 1040201298 3456121272 0 0 0
1450064544178 cpu0 672083869 33373 67155214 7997249 19067 939525086 3187678720 0 0 0
1450064544178 cpu1 571628920 41048 67184619 2872760 1947 100663469 67110423 0 0 0
1450064544178 cpu2 537873544 33589871 134272887 2991333 1159 7473 33557712 0 0 0
1450064544178 cpu3 202119457 33828 33594746 3105048 844 5270 167774417 0 0 0
1450064544284 cpu  1983705816 33698120 302207468 16966402 23017 1040201298 3456121272 0 0 0
1450064544284 cpu0 672083871 33373 67155215 7997255 19067 939525086 3187678720 0 0 0
1450064544284 cpu1 571628929 41048 67184619 2872761 1947 100663469 67110423 0 0 0
1450064544284 cpu2 537873549 33589871 134272887 2991338 1159 7473 33557712 0 0 0
1450064544284 cpu3 202119467 33828 33594747 3105048 844 5270 167774417 0 0 0
1450064544385 cpu  1983705838 33698123 302207468 16966413 23017 1040201298 3456121272 0 0 0
1450064544385 cpu0 672083872 33374 67155215 7997262 19067 939525086 3187678720 0 0 0
1450064544385 cpu1 571628938 41048 67184619 2872761 1947 100663469 67110423 0 0 0
1450064544385 cpu2 537873552 33589873 134272887 2991342 1159 7473 33557712 0 0 0
1450064544385 cpu3 202119476 33828 33594747 3105048 844 5270 167774417 0 0 0
1450064544478 cpu  1983705860 33698123 302207469 16966427 23017 1040201298 3456121272 0 0 0
1450064544478 cpu0 672083873 33374 67155215 7997270 19067 939525086 3187678720 0 0 0
1450064544478 cpu1 571628948 41048 67184619 2872761 1947 100663469 67110423 0 0 0
1450064544478 cpu2 537873556 33589873 134272887 2991347 1159 7473 33557712 0 0 0
1450064544478 cpu3 202119483 33828 33594748 3105049 844 5270 167774417 0 0 0
1450064544578 cpu  1983705884 33698123 302207469 16966440 23017 1040201298 3456121272 0 0 0
1450064544578 cpu0 672083875 33374 67155215 7997276 19067 939525086 3187678720 0 0 0
1450064544578 cpu1 571628957 41048 67184619 2872761 1947 100663469 67110423 0 0 0
1450064544578 cpu2 537873560 33589873 134272887 2991353 1159 7473 33557712 0 0 0
1450064544578 cpu3 202119492 33828 33594748 3105050 844 5270 167774417 0 0 0
1450064544681 cpu  1983705908 33698123 302207469 16966456 23017 1040201298 3456121272 0 0 0
1450064544681 cpu0 672083879 33374 67155215 7997283 19067 939525086 3187678720 0 0 0
1450064544681 cpu1 571628965 41048 67184619 2872763 1947 100663469 67110423 0 0 0
1450064544681 cpu2 537873564 33589873 134272887 2991359 1159 7473 33557712 0 0 0
1450064544681 cpu3 202119500 33828 33594748 3105051 844 5270 167774417 0 0 0
1450064544782 cpu  1983705931 33698123 302207469 16966472 23017 1040201298 3456121272 0 0 0
1450064544782 cpu0 672083881 33374 67155215 7997290 19067 939525086 3187678720 0 0 0
1450064544782 cpu1 571628975 41048 67184619 2872763 1947 100663469 67110423 0 0 0
1450064544782 cpu2 537873565 33589873 134272887 2991368 1159 7473 33557712 0 0 0
1450064544782 cpu3 202119510 33828 33594748 3105051 844 5270 167774417 0 0 0
1450064544876 cpu  1983705954 33698123 302207470 16966483 23017 1040201298 3456121272 0 0 0
1450064544876 cpu0 672083885 33374 67155215 7997294 19067 939525086 3187678720 0 0 0
1450064544876 cpu1 571628983 41048 67184620 2872763 1947 100663469 67110423 0 0 0
1450064544876 cpu2 537873569 33589873 134272887 2991372 1159 7473 33557712 0 0 0
1450064544876 cpu3 202119517 33828 33594748 3105054 844 5270 167774417 0 0 0
1450064544978 cpu  1983705968 33698124 302207472 16966501 23017 1040201298 3456121272 0 0 0
1450064544978 cpu0 672083886 33374 67155215 7997301 19067 939525086 3187678720 0 0 0
1450064544978 cpu1 571628991 41048 67184622 2872763 1947 100663469 67110423 0 0 0
1450064544978 cpu2 537873572 33589873 134272887 2991378 1159 7473 33557712 0 0 0
1450064544978 cpu3 202119519 33829 33594748 3105059 844 5270 167774417 0 0 0
1450064545079 cpu  1983705988 33698125 302207472 16966517 23017 1040201298 3456121272 0 0 0
1450064545079 cpu0 672083889 33375 67155215 7997306 19067 939525086 3187678720 0 0 0
1450064545079 cpu1 571628996 41048 67184622 2872766 1947 100663469 67110423 0 0 0
1450064545079 cpu2 537873578 33589873 134272887 2991382 1159 7473 33557712 0 0 0
1450064545079 cpu3 202119525 33829 33594748 3105063 844 5270 167774417 0 0 0
1450064545155 cpu  1983705996 33698125 302207472 16966539 23017 1040201298 3456121272 0 0 0
1450064545155 cpu0 672083889 33375 67155215 7997313 19067 939525086 3187678720 0 0 0
1450064545155 cpu1 571628999 41048 67184622 2872771 1947 100663469 67110423 0 0 0
1450064545155 cpu2 537873579 33589873 134272887 2991389 1159 7473 33557712 0 0 0
1450064545155 cpu3 202119529 33829 33594748 3105066 844 5270 167774417 0 0 0
1450064545258 cpu  1983706010 33698125 302207474 16966563 23017 1040201298 3456121272 0 0 0
1450064545258 cpu0 672083890 33375 67155215 7997321 19067 939525086 3187678720 0 0 0
1450064545258 cpu1 571629003 41048 67184622 2872777 1947 100663469 67110423 0 0 0
1450064545258 cpu2 537873581 33589873 134272888 2991397 1159 7473 33557712 0 0 0
1450064545258 cpu3 202119536 33829 33594749 3105068 844 5270 167774417 0 0 0
1450064545358 cpu  1983706030 33698130 302207477 16966572 23017 1040201298 3456121272 0 0 0
1450064545358 cpu0 672083894 33375 67155215 7997325 19067 939525086 3187678720 0 0 0
1450064545358 cpu1 571629010 41049 67184623 2872778 1947 100663469 67110423 0 0 0
1450064545358 cpu2 537873586 33589873 134272889 2991400 1159 7473 33557712 0 0 0
1450064545358 cpu3 202119540 33833 33594750 3105069 844 5270 167774417 0 0 0
1450064545458 cpu  1983706053 33698132 302207477 16966583 23017 1040201298 3456121272 0 0 0
1450064545458 cpu0 672083899 33375 67155215 7997329 19067 939525086 3187678720 0 0 0
1450064545458 cpu1 571629015 41050 67184623 2872780 1947 100663469 67110423 0 0 0
1450064545458 cpu2 537873591 33589874 134272889 2991404 1159 7473 33557712 0 0 0
1450064545458 cpu3 202119548 33833 33594750 3105070 844 5270 167774417 0 0 0
1450064545532 cpu  1983706065 33698132 302207477 16966597 23017 1040201298 3456121272 0 0 0
1450064545532 cpu0 672083900 33375 67155215 7997334 19067 939525086 3187678720 0 0 0
1450064545532 cpu1 571629020 41050 67184623 2872782 1947 100663469 67110423 0 0 0
1450064545532 cpu2 537873593 33589874 134272889 2991408 1159 7473 33557712 0 0 0
1450064545532 cpu3 202119552 33833 33594750 3105073 844 5270 167774417 0 0 0
1450064545602 cpu  1983706073 33698132 302207477 16966617 23017 1040201298 3456121272 0 0 0
1450064545602 cpu0 672083902 33375 67155215 7997339 19067 939525086 3187678720 0 0 0
1450064545602 cpu1 571629022 41050 67184623 2872788 1947 100663469 67110423 0 0 0
1450064545602 cpu2 537873595 33589874 134272889 2991413 1159 7473 33557712 0 0 0
1450064545602 cpu3 202119554 33833 33594750 3105077 844 5270 167774417 0 0 0
1450064545700 cpu  1983706082 33698132 302207478 16966645 23017 1040201298 3456121272 0 0 0
1450064545700 cpu0 672083905 33375 67155216 7997345 19067 939525086 3187678720 0 0 0
1450064545700 cpu1 571629025 41050 67184623 2872794 1947 100663469 67110423 0 0 0
1450064545700 cpu2 537873596 33589874 134272889 2991421 1159 7473 33557712 0 0 0
1450064545700 cpu3 202119556 33833 33594750 3105085 844 5270 167774417 0 0 0
1450064545798 cpu  1983706097 33698132 302207479 16966664 23017 1040201298 3456121272 0 0 0
1450064545798 cpu0 672083908 33375 67155216 7997349 19067 939525086 3187678720 0 0 0
1450064545798 cpu1 571629028 41050 67184624 2872799 1947 100663469 67110423 0 0 0
1450064545798 cpu2 537873600 33589874 134272889 2991427 1159 7473 33557712 0 0 0
1450064545798 cpu3 202119561 33833 33594750 3105089 844 5270 167774417 0 0 0
1450064545868 cpu  1983706107 33698132 302207479 16966679 23017 1040201298 3456121272 0 0 0
1450064545868 cpu0 672083911 33375 67155216 7997352 19067 939525086 3187678720 0 0 0
1450064545868 cpu1 571629031 41050 67184624 2872803 1947 100663469 67110423 0 0 0
1450064545868 cpu2 537873602 33589874 134272889 2991431 1159 7473 33557712 0 0 0
1450064545868 cpu3 202119563 33833 33594750 3105093 844 5270 167774417 0 0 0
1450064545958 cpu  1983706119 33698132 302207480 16966703 23017 1040201298 3456121273 0 0 0
1450064545958 cpu0 672083913 33375 67155217 7997359 19067 939525086 3187678721 0 0 0
1450064545958 cpu1 571629032 41050 67184624 2872811 1947 100663469 67110423 0 0 0
1450064545958 cpu2 537873610 33589874 134272889 2991432 1159 7473 33557712 0 0 0
1450064545958 cpu3 202119564 33833 33594750 3105101 844 5270 167774417 0 0 0
1450064546058 cpu  1983706138 33698132 302207482 16966717 23017 1040201298 3456121273 0 0 0
1450064546058 cpu0 672083916 33375 67155217 7997364 19067 939525086 3187678721 0 0 0
1450064546058 cpu1 571629036 41050 67184625 2872814 1947 100663469 67110423 0 0 0
1450064546058 cpu2 537873618 33589874 134272890 2991433 1159 7473 33557712 0 0 0
1450064546058 cpu3 202119568 33833 33594750 3105106 844 5270 167774417 0 0 0
1450064546158 cpu  1983706151 33698132 302207483 16966743 23017 1040201298 3456121273 0 0 0
1450064546158 cpu0 672083917 33375 67155217 7997372 19067 939525086 3187678721 0 0 0
1450064546158 cpu1 571629039 41050 67184625 2872822 1947 100663469 67110423 0 0 0
1450064546158 cpu2 537873626 33589874 134272891 2991434 1159 7473 33557712 0 0 0
1450064546158 cpu3 202119569 33833 33594750 3105115 844 5270 167774417 0 0 0
1450064546261 cpu  1983706171 33698132 302207483 16966762 23017 1040201298 3456121273 0 0 0
1450064546261 cpu0 672083919 33375 67155217 7997379 19067 939525086 3187678721 0 0 0
1450064546261 cpu1 571629043 41050 67184625 2872828 1947 100663469 67110423 0 0 0
1450064546261 cpu2 537873636 33589874 134272891 2991434 1159 7473 33557712 0 0 0
1450064546261 cpu3 202119573 33833 33594750 3105121 844 5270 167774417 0 0 0
1450064546338 cpu  1983706187 33698132 302207486 16966772 23018 1040201298 3456121273 0 0 0
1450064546338 cpu0 672083921 33375 67155218 7997383 19068 939525086 3187678721 0 0 0
1450064546338 cpu1 571629046 41050 67184625 2872832 1947 100663469 67110423 0 0 0
1450064546338 cpu2 537873642 33589874 134272892 2991434 1159 7473 33557712 0 0 0
1450064546338 cpu3 202119578 33833 33594751 3105123 844 5270 167774417 0 0 0
1450064546409 cpu  1983706195 33698132 302207486 16966786 23021 1040201298 3456121273 0 0 0
1450064546409 cpu0 672083921 33375 67155218 7997386 19071 939525086 3187678721 0 0 0
1450064546409 cpu1 571629048 41050 67184625 2872837 1947 100663469 67110423 0 0 0
1450064546409 cpu2 537873648 33589874 134272892 2991434 1159 7473 33557712 0 0 0
1450064546409 cpu3 202119578 33833 33594751 3105129 844 5270 167774417 0 0 0
1450064546511 cpu  1983706207 33698132 302207486 16966815 23021 1040201298 3456121273 0 0 0
1450064546511 cpu0 672083922 33375 67155218 7997395 19071 939525086 3187678721 0 0 0
1450064546511 cpu1 571629048 41050 67184625 2872847 1947 100663469 67110423 0 0 0
1450064546511 cpu2 537873658 33589874 134272892 2991434 1159 7473 33557712 0 0 0
1450064546511 cpu3 202119579 33833 33594751 3105139 844 5270 167774417 0 0 0
1450064546607 cpu  1983706229 33698133 302207488 16966831 23021 1040201298 3456121273 0 0 0
1450064546607 cpu0 672083925 33375 67155218 7997401 19071 939525086 3187678721 0 0 0
1450064546607 cpu1 571629052 41050 67184625 2872852 1947 100663469 67110423 0 0 0
1450064546607 cpu2 537873668 33589874 134272893 2991435 1159 7473 33557712 0 0 0
1450064546607 cpu3 202119584 33834 33594752 3105143 844 5270 167774417 0 0 0
1450064546718 cpu  1983706243 33698134 302207488 16966854 23021 1040201298 3456121273 0 0 0
1450064546718 cpu0 672083927 33375 67155218 7997408 19071 939525086 3187678721 0 0 0
1450064546718 cpu1 571629054 41050 67184625 2872860 1947 100663469 67110423 0 0 0
1450064546718 cpu2 537873677 33589874 134272893 2991436 1159 7473 33557712 0 0 0
1450064546718 cpu3 202119585 33835 33594752 3105150 844 5270 167774417 0 0 0
1450064546818 cpu  1983706261 33698134 302207488 16966874 23021 1040201298 3456121273 0 0 0
1450064546818 cpu0 672083929 33375 67155218 7997415 19071 939525086 3187678721 0 0 0
1450064546818 cpu1 571629058 41050 67184625 2872866 1947 100663469 67110423 0 0 0
1450064546818 cpu2 537873687 33589874 134272893 2991436 1159 7473 33557712 0 0 0
1450064546818 cpu3 202119587 33835 33594752 3105157 844 5270 167774417 0 0 0
1450064546918 cpu  1983706286 33698137 302207488 16966881 23021 1040201298 3456121273 0 0 0
1450064546918 cpu0 672083934 33377 67155218 7997417 19071 939525086 3187678721 0 0 0
1450064546918 cpu1 571629063 41051 67184625 2872868 1947 100663469 67110423 0 0 0
1450064546918 cpu2 537873696 33589874 134272893 2991436 1159 7473 33557712 0 0 0
1450064546918 cpu3 202119593 33835 33594752 3105160 844 5270 167774417 0 0 0
