1450064625286 cpu  1983712944 33698548 302208176 16988976 23086 1040201320 3456121302 0 0 0
1450064625286 cpu0 672085190 33468 67155319 8003083 19126 939525086 3187678741 0 0 0
1450064625286 cpu1 571631376 41155 67184867 2877764 1950 100663469 67110427 0 0 0
1450064625286 cpu2 537875406 33590009 134273089 2996967 1164 7485 33557715 0 0 0
1450064625286 cpu3 202120972 33916 33594901 3111162 846 5280 167774419 0 0 0
1450064625394 cpu  1983712967 33698549 302208181 16988987 23086 1040201320 3456121302 0 0 0
1450064625394 cpu0 672085196 33469 67155319 8003086 19126 939525086 3187678741 0 0 0
1450064625394 cpu1 571631382 41155 67184869 2877767 1950 100663469 67110427 0 0 0
1450064625394 cpu2 537875412 33590009 134273091 2996969 1164 7485 33557715 0 0 0
1450064625394 cpu3 202120977 33916 33594902 3111165 846 5280 167774419 0 0 0
1450064625455 cpu  1983712973 33698549 302208182 16989003 23086 1040201320 3456121302 0 0 0
1450064625455 cpu0 672085197 33469 67155319 8003090 19126 939525086 3187678741 0 0 0
1450064625455 cpu1 571631383 41155 67184870 2877770 1950 100663469 67110427 0 0 0
1450064625455 cpu2 537875412 33590009 134273091 2996975 1164 7485 33557715 0 0 0
1450064625455 cpu3 202120981 33916 33594902 3111168 846 5280 167774419 0 0 0
1450064625517 cpu  1983712980 33698549 302208183 16989017 23086 1040201320 3456121302 0 0 0
1450064625517 cpu0 672085198 33469 67155319 8003094 19126 939525086 3187678741 0 0 0
1450064625517 cpu1 571631386 41155 67184870 2877773 1950 100663469 67110427 0 0 0
1450064625517 cpu2 537875414 33590009 134273091 2996979 1164 7485 33557715 0 0 0
1450064625517 cpu3 202120982 33916 33594903 3111171 846 5280 167774419 0 0 0
1450064625579 cpu  1983712991 33698550 302208185 16989026 23086 1040201320 3456121302 0 0 0
1450064625579 cpu0 672085199 33469 67155319 8003098 19126 939525086 3187678741 0 0 0
1450064625579 cpu1 571631388 41155 67184870 2877777 1950 100663469 67110427 0 0 0
1450064625579 cpu2 537875418 33590009 134273092 2996979 1164 7485 33557715 0 0 0
1450064625579 cpu3 202120986 33917 33594904 3111172 846 5280 167774419 0 0 0
1450064625641 cpu  1983713002 33698552 302208191 16989034 23086 1040201320 3456121302 0 0 0
1450064625641 cpu0 672085202 33470 67155321 8003099 19126 939525086 3187678741 0 0 0
1450064625641 cpu1 571631390 41156 67184871 2877780 1950 100663469 67110427 0 0 0
1450064625641 cpu2 537875421 33590009 134273093 2996982 1164 7485 33557715 0 0 0
1450064625641 cpu3 202120989 33917 33594906 3111173 846 5280 167774419 0 0 0
1450064625702 cpu  1983713003 33698552 302208191 16989051 23086 1040201320 3456121302 0 0 0
1450064625702 cpu0 672085202 33470 67155321 8003103 19126 939525086 3187678741 0 0 0
1450064625702 cpu1 571631391 41156 67184871 2877784 1950 100663469 67110427 0 0 0
1450064625702 cpu2 537875421 33590009 134273093 2996987 1164 7485 33557715 0 0 0
1450064625702 cpu3 202120989 33917 33594906 3111177 846 5280 167774419 0 0 0
1450064625763 cpu  1983713010 33698552 302208192 16989066 23086 1040201320 3456121302 0 0 0
1450064625763 cpu0 672085202 33470 67155321 8003107 19126 939525086 3187678741 0 0 0
1450064625763 cpu1 571631392 41156 67184871 2877789 1950 100663469 67110427 0 0 0
1450064625763 cpu2 537875424 33590009 134273094 2996989 1164 7485 33557715 0 0 0
1450064625763 cpu3 202120992 33917 33594906 3111181 846 5280 167774419 0 0 0
1450064625826 cpu  1983713017 33698552 302208192 16989082 23086 1040201320 3456121302 0 0 0
1450064625826 cpu0 672085204 33470 67155321 8003111 19126 939525086 3187678741 0 0 0
1450064625826 cpu1 571631395 41156 67184871 2877791 1950 100663469 67110427 0 0 0
1450064625826 cpu2 537875425 33590009 134273094 2996994 1164 7485 33557715 0 0 0
1450064625826 cpu3 202120993 33917 33594906 3111186 846 5280 167774419 0 0 0
1450064625890 cpu  1983713025 33698552 302208194 16989097 23086 1040201320 3456121302 0 0 0
1450064625890 cpu0 672085205 33470 67155321 8003116 19126 939525086 3187678741 0 0 0
1450064625890 cpu1 571631398 41156 67184872 2877793 1950 100663469 67110427 0 0 0
1450064625890 cpu2 537875428 33590009 134273095 2996997 1164 7485 33557715 0 0 0
1450064625890 cpu3 202120994 33917 33594906 3111191 846 5280 167774419 0 0 0
1450064625958 cpu  1983713036 33698552 302208198 16989107 23086 1040201320 3456121302 0 0 0
1450064625958 cpu0 672085207 33470 67155322 8003119 19126 939525086 3187678741 0 0 0
1450064625958 cpu1 571631404 41156 67184873 2877793 1950 100663469 67110427 0 0 0
1450064625958 cpu2 537875429 33590009 134273096 2997000 1164 7485 33557715 0 0 0
1450064625958 cpu3 202120996 33917 33594907 3111195 846 5280 167774419 0 0 0
1450064626019 cpu  1983713045 33698554 302208202 16989118 23086 1040201320 3456121302 0 0 0
1450064626019 cpu0 672085208 33472 67155325 8003120 19126 939525086 3187678741 0 0 0
1450064626019 cpu1 571631409 41156 67184873 2877794 1950 100663469 67110427 0 0 0
1450064626019 cpu2 537875431 33590009 134273096 2997005 1164 7485 33557715 0 0 0
1450064626019 cpu3 202120997 33917 33594908 3111199 846 5280 167774419 0 0 0
1450064626082 cpu  1983713052 33698556 302208207 16989126 23086 1040201320 3456121302 0 0 0
1450064626082 cpu0 672085208 33473 67155327 8003122 19126 939525086 3187678741 0 0 0
1450064626082 cpu1 571631415 41156 67184873 2877794 1950 100663469 67110427 0 0 0
1450064626082 cpu2 537875432 33590009 134273098 2997007 1164 7485 33557715 0 0 0
1450064626082 cpu3 202120997 33918 33594909 3111203 846 5280 167774419 0 0 0
1450064626145 cpu  1983713057 33698558 302208212 16989139 23086 1040201320 3456121302 0 0 0
1450064626145 cpu0 672085208 33473 67155331 8003124 19126 939525086 3187678741 0 0 0
1450064626145 cpu1 571631420 41156 67184874 2877794 1950 100663469 67110427 0 0 0
1450064626145 cpu2 537875432 33590011 134273098 2997012 1164 7485 33557715 0 0 0
1450064626145 cpu3 202120997 33918 33594909 3111209 846 5280 167774419 0 0 0
1450064626208 cpu  1983713067 33698562 302208215 16989149 23086 1040201320 3456121302 0 0 0
1450064626208 cpu0 672085208 33477 67155333 8003125 19126 939525086 3187678741 0 0 0
1450064626208 cpu1 571631427 41156 67184874 2877794 1950 100663469 67110427 0 0 0
1450064626208 cpu2 537875433 33590011 134273099 2997016 1164 7485 33557715 0 0 0
1450064626208 cpu3 202120999 33918 33594909 3111214 846 5280 167774419 0 0 0
1450064626272 cpu  1983713073 33698563 302208218 16989161 23086 1040201320 3456121302 0 0 0
1450064626272 cpu0 672085208 33477 67155336 8003127 19126 939525086 3187678741 0 0 0
1450064626272 cpu1 571631433 41156 67184874 2877794 1950 100663469 67110427 0 0 0
1450064626272 cpu2 537875433 33590012 134273099 2997020 1164 7485 33557715 0 0 0
1450064626272 cpu3 202120999 33918 33594909 3111220 846 5280 167774419 0 0 0
1450064626335 cpu  1983713080 33698566 302208222 16989172 23086 1040201320 3456121302 0 0 0
1450064626335 cpu0 672085209 33478 67155337 8003131 19126 939525086 3187678741 0 0 0
1450064626335 cpu1 571631438 41156 67184874 2877795 1950 100663469 67110427 0 0 0
1450064626335 cpu2 537875434 33590013 134273102 2997021 1164 7485 33557715 0 0 0
1450064626335 cpu3 202120999 33919 33594909 3111225 846 5280 167774419 0 0 0
1450064626396 cpu  1983713088 33698570 302208225 16989181 23086 1040201320 3456121302 0 0 0
1450064626396 cpu0 672085209 33478 67155337 8003137 19126 939525086 3187678741 0 0 0
1450064626396 cpu1 571631444 41156 67184874 2877795 1950 100663469 67110427 0 0 0
1450064626396 cpu2 537875434 33590017 134273105 2997021 1164 7485 33557715 0 0 0
1450064626396 cpu3 202121001 33919 33594909 3111228 846 5280 167774419 0 0 0
1450064626459 cpu  1983713098 33698573 302208229 16989188 23086 1040201320 3456121302 0 0 0
1450064626459 cpu0 672085210 33478 67155337 8003141 19126 939525086 3187678741 0 0 0
1450064626459 cpu1 571631450 41156 67184875 2877795 1950 100663469 67110427 0 0 0
1450064626459 cpu2 537875434 33590020 134273107 2997021 1164 7485 33557715 0 0 0
1450064626459 cpu3 202121004 33919 33594910 3111231 846 5280 167774419 0 0 0
1450064626522 cpu  1983713102 33698577 302208233 16989200 23086 1040201320 3456121303 0 0 0
1450064626522 cpu0 672085210 33478 67155337 8003147 19126 939525086 3187678741 0 0 0
1450064626522 cpu1 571631450 41157 67184879 2877795 1950 100663469 67110427 0 0 0
1450064626522 cpu2 537875438 33590023 134273107 2997021 1164 7485 33557715 0 0 0
1450064626522 cpu3 202121004 33919 33594910 3111237 846 5280 167774420 0 0 0
1450064626585 cpu  1983713109 33698582 302208237 16989208 23086 1040201320 3456121303 0 0 0
1450064626585 cpu0 672085211 33478 67155338 8003150 19126 939525086 3187678741 0 0 0
1450064626585 cpu1 571631455 41159 67184879 2877795 1950 100663469 67110427 0 0 0
1450064626585 cpu2 537875438 33590026 134273109 2997022 1164 7485 33557715 0 0 0
1450064626585 cpu3 202121005 33919 33594911 3111241 846 5280 167774420 0 0 0
1450064626646 cpu  1983713122 33698583 302208242 16989212 23086 1040201320 3456121303 0 0 0
1450064626646 cpu0 672085213 33478 67155340 8003152 19126 939525086 3187678741 0 0 0
1450064626646 cpu1 571631458 41160 67184880 2877795 1950 100663469 67110427 0 0 0
1450064626646 cpu2 537875443 33590026 134273110 2997022 1164 7485 33557715 0 0 0
1450064626646 cpu3 202121008 33919 33594912 3111243 846 5280 167774420 0 0 0
1450064626707 cpu  1983713129 33698586 302208243 16989222 23086 1040201320 3456121303 0 0 0
1450064626707 cpu0 672085215 33479 67155340 8003154 19126 939525086 3187678741 0 0 0
1450064626707 cpu1 571631460 41161 67184881 2877796 1950 100663469 67110427 0 0 0
1450064626707 cpu2 537875445 33590027 134273110 2997024 1164 7485 33557715 0 0 0
1450064626707 cpu3 202121009 33919 33594912 3111248 846 5280 167774420 0 0 0
1450064626767 cpu  1983713135 33698593 302208249 16989226 23086 1040201320 3456121303 0 0 0
1450064626767 cpu0 672085216 33480 67155340 8003157 19126 939525086 3187678741 0 0 0
1450064626767 cpu1 571631462 41164 67184883 2877796 1950 100663469 67110427 0 0 0
1450064626767 cpu2 537875446 33590030 134273112 2997024 1164 7485 33557715 0 0 0
1450064626767 cpu3 202121011 33919 33594914 3111249 846 5280 167774420 0 0 0
1450064626828 cpu  1983713145 33698602 302208250 16989228 23086 1040201320 3456121303 0 0 0
1450064626828 cpu0 672085219 33481 67155340 8003158 19126 939525086 3187678741 0 0 0
1450064626828 cpu1 571631463 41169 67184883 2877796 1950 100663469 67110427 0 0 0
1450064626828 cpu2 537875448 33590033 134273112 2997024 1164 7485 33557715 0 0 0
1450064626828 cpu3 202121015 33919 33594915 3111250 846 5280 167774420 0 0 0
1450064626889 cpu  1983713155 33698608 302208251 16989233 23087 1040201320 3456121303 0 0 0
1450064626889 cpu0 672085220 33482 67155340 8003160 19127 939525086 3187678741 0 0 0
1450064626889 cpu1 571631466 41170 67184883 2877798 1950 100663469 67110427 0 0 0
1450064626889 cpu2 537875449 33590036 134273113 2997024 1164 7485 33557715 0 0 0
1450064626889 cpu3 202121020 33920 33594915 3111251 846 5280 167774420 0 0 0
1450064626950 cpu  1983713166 33698613 302208253 16989236 23087 1040201320 3456121303 0 0 0
1450064626950 cpu0 672085222 33483 67155341 8003161 19127 939525086 3187678741 0 0 0
1450064626950 cpu1 571631469 41171 67184884 2877798 1950 100663469 67110427 0 0 0
1450064626950 cpu2 537875453 33590038 134273113 2997025 1164 7485 33557715 0 0 0
1450064626950 cpu3 202121022 33921 33594915 3111252 846 5280 167774420 0 0 0
1450064627011 cpu  1983713177 33698619 302208255 16989239 23087 1040201320 3456121303 0 0 0
1450064627011 cpu0 672085225 33484 67155341 8003162 19127 939525086 3187678741 0 0 0
1450064627011 cpu1 571631472 41173 67184884 2877799 1950 100663469 67110427 0 0 0
1450064627011 cpu2 537875455 33590040 134273114 2997025 1164 7485 33557715 0 0 0
1450064627011 cpu3 202121025 33922 33594916 3111253 846 5280 167774420 0 0 0
1450064627071 cpu  1983713185 33698625 302208256 16989246 23087 1040201320 3456121303 0 0 0
1450064627071 cpu0 672085226 33486 67155342 8003164 19127 939525086 3187678741 0 0 0
1450064627071 cpu1 571631475 41174 67184884 2877800 1950 100663469 67110427 0 0 0
1450064627071 cpu2 537875457 33590042 134273114 2997027 1164 7485 33557715 0 0 0
1450064627071 cpu3 202121027 33923 33594916 3111255 846 5280 167774420 0 0 0
1450064627132 cpu  1983713198 33698627 302208256 16989250 23087 1040201320 3456121303 0 0 0
1450064627132 cpu0 672085229 33486 67155342 8003165 19127 939525086 3187678741 0 0 0
1450064627132 cpu1 571631479 41175 67184884 2877800 1950 100663469 67110427 0 0 0
1450064627132 cpu2 537875459 33590043 134273114 2997028 1164 7485 33557715 0 0 0
1450064627132 cpu3 202121031 33923 33594916 3111257 846 5280 167774420 0 0 0
1450064627193 cpu  1983713213 33698630 302208256 16989250 23087 1040201320 3456121303 0 0 0
1450064627193 cpu0 672085232 33487 67155342 8003165 19127 939525086 3187678741 0 0 0
1450064627193 cpu1 571631483 41175 67184884 2877800 1950 100663469 67110427 0 0 0
1450064627193 cpu2 537875463 33590044 134273114 2997028 1164 7485 33557715 0 0 0
1450064627193 cpu3 202121035 33924 33594916 3111257 846 5280 167774420 0 0 0
1450064627254 cpu  1983713225 33698634 302208260 16989253 23087 1040201320 3456121303 0 0 0
1450064627254 cpu0 672085235 33488 67155343 8003166 19127 939525086 3187678741 0 0 0
1450064627254 cpu1 571631487 41176 67184885 2877801 1950 100663469 67110427 0 0 0
1450064627254 cpu2 537875466 33590045 134273115 2997029 1164 7485 33557715 0 0 0
1450064627254 cpu3 202121037 33925 33594917 3111257 846 5280 167774420 0 0 0
1450064627314 cpu  1983713239 33698637 302208261 16989255 23087 1040201320 3456121303 0 0 0
1450064627314 cpu0 672085239 33488 67155343 8003166 19127 939525086 3187678741 0 0 0
1450064627314 cpu1 571631491 41177 67184885 2877801 1950 100663469 67110427 0 0 0
1450064627314 cpu2 537875467 33590046 134273116 2997030 1164 7485 33557715 0 0 0
1450064627314 cpu3 202121042 33926 33594917 3111258 846 5280 167774420 0 0 0
1450064627376 cpu  1983713254 33698640 302208261 16989255 23087 1040201320 3456121303 0 0 0
1450064627376 cpu0 672085243 33489 67155343 8003166 19127 939525086 3187678741 0 0 0
1450064627376 cpu1 571631495 41177 67184885 2877801 1950 100663469 67110427 0 0 0
1450064627376 cpu2 537875471 33590047 134273116 2997030 1164 7485 33557715 0 0 0
1450064627376 cpu3 202121045 33927 33594917 3111258 846 5280 167774420 0 0 0
1450064627436 cpu  1983713267 33698640 302208261 16989265 23087 1040201320 3456121303 0 0 0
1450064627436 cpu0 672085247 33489 67155343 8003167 19127 939525086 3187678741 0 0 0
1450064627436 cpu1 571631497 41177 67184885 2877804 1950 100663469 67110427 0 0 0
1450064627436 cpu2 537875476 33590047 134273116 2997031 1164 7485 33557715 0 0 0
1450064627436 cpu3 202121047 33927 33594917 3111263 846 5280 167774420 0 0 0
1450064627509 cpu  1983713288 33698640 302208262 16989268 23087 1040201321 3456121303 0 0 0
1450064627509 cpu0 672085252 33489 67155343 8003168 19127 939525086 3187678741 0 0 0
1450064627509 cpu1 571631502 41177 67184886 2877805 1950 100663469 67110427 0 0 0
1450064627509 cpu2 537875482 33590047 134273116 2997032 1164 7486 33557715 0 0 0
1450064627509 cpu3 202121052 33927 33594917 3111263 846 5280 167774420 0 0 0
1450064627611 cpu  1983713304 33698640 302208263 16989289 23087 1040201321 3456121303 0 0 0
1450064627611 cpu0 672085255 33489 67155343 8003173 19127 939525086 3187678741 0 0 0
1450064627611 cpu1 571631506 41177 67184886 2877811 1950 100663469 67110427 0 0 0
1450064627611 cpu2 537875489 33590047 134273117 2997034 1164 7486 33557715 0 0 0
1450064627611 cpu3 202121054 33927 33594917 3111271 846 5280 167774420 0 0 0
1450064627712 cpu  1983713318 33698640 302208264 16989312 23087 1040201321 3456121304 0 0 0
1450064627712 cpu0 672085259 33489 67155343 8003179 19127 939525086 3187678741 0 0 0
1450064627712 cpu1 571631511 41177 67184887 2877814 1950 100663469 67110427 0 0 0
1450064627712 cpu2 537875494 33590047 134273117 2997039 1164 7486 33557716 0 0 0
1450064627712 cpu3 202121054 33927 33594917 3111280 846 5280 167774420 0 0 0
1450064627811 cpu  1983713329 33698640 302208264 16989338 23087 1040201321 3456121304 0 0 0
1450064627811 cpu0 672085262 33489 67155343 8003184 19127 939525086 3187678741 0 0 0
1450064627811 cpu1 571631514 41177 67184887 2877821 1950 100663469 67110427 0 0 0
1450064627811 cpu2 537875496 33590047 134273117 2997046 1164 7486 33557716 0 0 0
1450064627811 cpu3 202121057 33927 33594917 3111287 846 5280 167774420 0 0 0
1450064627912 cpu  1983713338 33698640 302208264 16989368 23087 1040201321 3456121304 0 0 0
1450064627912 cpu0 672085263 33489 67155343 8003192 19127 939525086 3187678741 0 0 0
1450064627912 cpu1 571631518 41177 67184887 2877827 1950 100663469 67110427 0 0 0
1450064627912 cpu2 537875498 33590047 134273117 2997054 1164 7486 33557716 0 0 0
1450064627912 cpu3 202121059 33927 33594917 3111295 846 5280 167774420 0 0 0
1450064628014 cpu  1983713348 33698640 302208264 16989398 23087 1040201321 3456121305 0 0 0
1450064628014 cpu0 672085267 33489 67155343 8003198 19127 939525086 3187678742 0 0 0
1450064628014 cpu1 571631522 41177 67184887 2877833 1950 100663469 67110427 0 0 0
1450064628014 cpu2 537875499 33590047 134273117 2997063 1164 7486 33557716 0 0 0
1450064628014 cpu3 202121060 33927 33594917 3111304 846 5280 167774420 0 0 0
1450064628117 cpu  1983713355 33698640 302208266 16989429 23087 1040201321 3456121305 0 0 0
1450064628117 cpu0 672085267 33489 67155344 8003207 19127 939525086 3187678742 0 0 0
1450064628117 cpu1 571631526 41177 67184887 2877838 1950 100663469 67110427 0 0 0
1450064628117 cpu2 537875500 33590047 134273117 2997072 1164 7486 33557716 0 0 0
1450064628117 cpu3 202121062 33927 33594918 3111312 846 5280 167774420 0 0 0
1450064628220 cpu  1983713357 33698640 302208266 16989467 23087 1040201321 3456121305 0 0 0
1450064628220 cpu0 672085268 33489 67155344 8003216 19127 939525086 3187678742 0 0 0
1450064628220 cpu1 571631527 41177 67184887 2877848 1950 100663469 67110427 0 0 0
1450064628220 cpu2 537875500 33590047 134273117 2997082 1164 7486 33557716 0 0 0
1450064628220 cpu3 202121062 33927 33594918 3111321 846 5280 167774420 0 0 0
1450064628311 cpu  1983713358 33698640 302208266 16989503 23087 1040201321 3456121305 0 0 0
1450064628311 cpu0 672085268 33489 67155344 8003225 19127 939525086 3187678742 0 0 0
1450064628311 cpu1 571631527 41177 67184887 2877857 1950 100663469 67110427 0 0 0
1450064628311 cpu2 537875500 33590047 134273117 2997091 1164 7486 33557716 0 0 0
1450064628311 cpu3 202121063 33927 33594918 3111330 846 5280 167774420 0 0 0
1450064628408 cpu  1983713358 33698640 302208266 16989540 23087 1040201321 3456121305 0 0 0
1450064628408 cpu0 672085268 33489 67155344 8003234 19127 939525086 3187678742 0 0 0
1450064628408 cpu1 571631527 41177 67184887 2877866 1950 100663469 67110427 0 0 0
1450064628408 cpu2 537875500 33590047 134273117 2997100 1164 7486 33557716 0 0 0
1450064628408 cpu3 202121063 33927 33594918 3111340 846 5280 167774420 0 0 0
1450064628478 cpu  1983713361 33698640 302208266 16989568 23087 1040201321 3456121305 0 0 0
1450064628478 cpu0 672085269 33489 67155344 8003241 19127 939525086 3187678742 0 0 0
1450064628478 cpu1 571631528 41177 67184887 2877873 1950 100663469 67110427 0 0 0
1450064628478 cpu2 537875501 33590047 134273117 2997107 1164 7486 33557716 0 0 0
1450064628478 cpu3 202121063 33927 33594918 3111347 846 5280 167774420 0 0 0
1450064628578 cpu  1983713382 33698642 302208267 16989576 23088 1040201321 3456121305 0 0 0
1450064628578 cpu0 672085274 33490 67155344 8003242 19127 939525086 3187678742 0 0 0
1450064628578 cpu1 571631534 41178 67184887 2877875 1950 100663469 67110427 0 0 0
1450064628578 cpu2 537875507 33590047 134273117 2997109 1164 7486 33557716 0 0 0
1450064628578 cpu3 202121067 33927 33594919 3111350 847 5280 167774420 0 0 0
1450064628679 cpu  1983713388 33698643 302208269 16989606 23089 1040201321 3456121305 0 0 0
1450064628679 cpu0 672085275 33490 67155344 8003250 19128 939525086 3187678742 0 0 0
1450064628679 cpu1 571631535 41178 67184888 2877882 1950 100663469 67110427 0 0 0
1450064628679 cpu2 537875510 33590048 134273118 2997115 1164 7486 33557716 0 0 0
1450064628679 cpu3 202121068 33927 33594919 3111359 847 5280 167774420 0 0 0
1450064628783 cpu  1983713389 33698643 302208271 16989643 23089 1040201321 3456121305 0 0 0
1450064628783 cpu0 672085275 33490 67155344 8003260 19128 939525086 3187678742 0 0 0
1450064628783 cpu1 571631536 41178 67184890 2877889 1950 100663469 67110427 0 0 0
1450064628783 cpu2 537875510 33590048 134273118 2997125 1164 7486 33557716 0 0 0
1450064628783 cpu3 202121068 33927 33594919 3111369 847 5280 167774420 0 0 0
1450064628878 cpu  1983713393 33698643 302208271 16989677 23089 1040201321 3456121305 0 0 0
1450064628878 cpu0 672085276 33490 67155344 8003268 19128 939525086 3187678742 0 0 0
1450064628878 cpu1 571631538 41178 67184890 2877897 1950 100663469 67110427 0 0 0
1450064628878 cpu2 537875510 33590048 134273118 2997134 1164 7486 33557716 0 0 0
1450064628878 cpu3 202121069 33927 33594919 3111378 847 5280 167774420 0 0 0
1450064628982 cpu  1983713399 33698643 302208271 16989711 23089 1040201321 3456121305 0 0 0
1450064628982 cpu0 672085278 33490 67155344 8003275 19128 939525086 3187678742 0 0 0
1450064628982 cpu1 571631540 41178 67184890 2877905 1950 100663469 67110427 0 0 0
1450064628982 cpu2 537875512 33590048 134273118 2997143 1164 7486 33557716 0 0 0
1450064628982 cpu3 202121069 33927 33594919 3111388 847 5280 167774420 0 0 0
1450064629085 cpu  1983713409 33698643 302208274 16989735 23090 1040201321 3456121305 0 0 0
1450064629085 cpu0 672085281 33490 67155345 8003279 19129 939525086 3187678742 0 0 0
1450064629085 cpu1 571631543 41178 67184891 2877911 1950 100663469 67110427 0 0 0
1450064629085 cpu2 537875513 33590048 134273118 2997151 1164 7486 33557716 0 0 0
1450064629085 cpu3 202121072 33927 33594920 3111394 847 5280 167774420 0 0 0
1450064629186 cpu  1983713424 33698643 302208275 16989756 23090 1040201321 3456121305 0 0 0
1450064629186 cpu0 672085284 33490 67155345 8003285 19129 939525086 3187678742 0 0 0
1450064629186 cpu1 571631548 41178 67184891 2877915 1950 100663469 67110427 0 0 0
1450064629186 cpu2 537875518 33590048 134273119 2997155 1164 7486 33557716 0 0 0
1450064629186 cpu3 202121074 33927 33594920 3111401 847 5280 167774420 0 0 0
1450064629260 cpu  1983713431 33698643 302208275 16989778 23090 1040201321 3456121305 0 0 0
1450064629260 cpu0 672085286 33490 67155345 8003289 19129 939525086 3187678742 0 0 0
1450064629260 cpu1 571631551 41178 67184891 2877919 1950 100663469 67110427 0 0 0
1450064629260 cpu2 537875519 33590048 134273119 2997162 1164 7486 33557716 0 0 0
1450064629260 cpu3 202121075 33927 33594920 3111408 847 5280 167774420 0 0 0
1450064629363 cpu  1983713436 33698643 302208275 16989810 23090 1040201321 3456121305 0 0 0
1450064629363 cpu0 672085287 33490 67155345 8003297 19129 939525086 3187678742 0 0 0
1450064629363 cpu1 571631554 41178 67184891 2877926 1950 100663469 67110427 0 0 0
1450064629363 cpu2 537875520 33590048 134273119 2997170 1164 7486 33557716 0 0 0
1450064629363 cpu3 202121075 33927 33594920 3111417 847 5280 167774420 0 0 0
1450064629467 cpu  1983713445 33698643 302208276 16989842 23090 1040201321 3456121305 0 0 0
1450064629467 cpu0 672085290 33490 67155345 8003304 19129 939525086 3187678742 0 0 0
1450064629467 cpu1 571631558 41178 67184892 2877932 1950 100663469 67110427 0 0 0
1450064629467 cpu2 537875521 33590048 134273119 2997179 1164 7486 33557716 0 0 0
1450064629467 cpu3 202121076 33927 33594920 3111427 847 5280 167774420 0 0 0
1450064629570 cpu  1983713453 33698643 302208276 16989872 23090 1040201321 3456121305 0 0 0
1450064629570 cpu0 672085292 33490 67155345 8003311 19129 939525086 3187678742 0 0 0
1450064629570 cpu1 571631560 41178 67184892 2877939 1950 100663469 67110427 0 0 0
1450064629570 cpu2 537875522 33590048 134273119 2997188 1164 7486 33557716 0 0 0
1450064629570 cpu3 202121079 33927 33594920 3111434 847 5280 167774420 0 0 0
1450064629650 cpu  1983713460 33698643 302208276 16989898 23090 1040201321 3456121305 0 0 0
1450064629650 cpu0 672085293 33490 67155345 8003318 19129 939525086 3187678742 0 0 0
1450064629650 cpu1 571631562 41178 67184892 2877946 1950 100663469 67110427 0 0 0
1450064629650 cpu2 537875523 33590048 134273119 2997195 1164 7486 33557716 0 0 0
1450064629650 cpu3 202121082 33927 33594920 3111439 847 5280 167774420 0 0 0
1450064629753 cpu  1983713471 33698643 302208278 16989922 23090 1040201321 3456121305 0 0 0
1450064629753 cpu0 672085296 33490 67155345 8003324 19129 939525086 3187678742 0 0 0
1450064629753 cpu1 571631565 41178 67184893 2877950 1950 100663469 67110427 0 0 0
1450064629753 cpu2 537875526 33590048 134273119 2997202 1164 7486 33557716 0 0 0
1450064629753 cpu3 202121084 33927 33594921 3111446 847 5280 167774420 0 0 0
1450064629855 cpu  1983713483 33698643 302208278 16989950 23090 1040201321 3456121305 0 0 0
1450064629855 cpu0 672085299 33490 67155345 8003331 19129 939525086 3187678742 0 0 0
1450064629855 cpu1 571631567 41178 67184893 2877959 1950 100663469 67110427 0 0 0
1450064629855 cpu2 537875528 33590048 134273119 2997209 1164 7486 33557716 0 0 0
1450064629855 cpu3 202121089 33927 33594921 3111451 847 5280 167774420 0 0 0
1450064629935 cpu  1983713487 33698643 302208280 16989972 23090 1040201321 3456121305 0 0 0
1450064629935 cpu0 672085299 33490 67155345 8003337 19129 939525086 3187678742 0 0 0
1450064629935 cpu1 571631568 41178 67184895 2877963 1950 100663469 67110427 0 0 0
1450064629935 cpu2 537875530 33590048 134273119 2997214 1164 7486 33557716 0 0 0
1450064629935 cpu3 202121090 33927 33594921 3111458 847 5280 167774420 0 0 0
1450064630028 cpu  1983713495 33698643 302208281 16989997 23093 1040201321 3456121305 0 0 0
1450064630028 cpu0 672085302 33490 67155346 8003339 19132 939525086 3187678742 0 0 0
1450064630028 cpu1 571631570 41178 67184895 2877970 1950 100663469 67110427 0 0 0
1450064630028 cpu2 537875532 33590048 134273119 2997222 1164 7486 33557716 0 0 0
1450064630028 cpu3 202121091 33927 33594921 3111466 847 5280 167774420 0 0 0
1450064630099 cpu  1983713498 33698643 302208282 16990021 23093 1040201321 3456121305 0 0 0
1450064630099 cpu0 672085304 33490 67155346 8003344 19132 939525086 3187678742 0 0 0
1450064630099 cpu1 571631571 41178 67184895 2877976 1950 100663469 67110427 0 0 0
1450064630099 cpu2 537875532 33590048 134273120 2997228 1164 7486 33557716 0 0 0
1450064630099 cpu3 202121091 33927 33594921 3111473 847 5280 167774420 0 0 0
1450064630185 cpu  1983713499 33698643 302208282 16990053 23093 1040201321 3456121305 0 0 0
1450064630185 cpu0 672085304 33490 67155346 8003352 19132 939525086 3187678742 0 0 0
1450064630185 cpu1 571631571 41178 67184895 2877984 1950 100663469 67110427 0 0 0
1450064630185 cpu2 537875533 33590048 134273120 2997236 1164 7486 33557716 0 0 0
1450064630185 cpu3 202121091 33927 33594921 3111481 847 5280 167774420 0 0 0
1450064630289 cpu  1983713505 33698643 302208282 16990086 23093 1040201321 3456121305 0 0 0
1450064630289 cpu0 672085305 33490 67155346 8003360 19132 939525086 3187678742 0 0 0
1450064630289 cpu1 571631575 41178 67184895 2877990 1950 100663469 67110427 0 0 0
1450064630289 cpu2 537875534 33590048 134273120 2997245 1164 7486 33557716 0 0 0
1450064630289 cpu3 202121091 33927 33594921 3111491 847 5280 167774420 0 0 0
1450064630392 cpu  1983713505 33698643 302208282 16990126 23093 1040201321 3456121305 0 0 0
1450064630392 cpu0 672085305 33490 67155346 8003370 19132 939525086 3187678742 0 0 0
1450064630392 cpu1 571631575 41178 67184895 2878000 1950 100663469 67110427 0 0 0
1450064630392 cpu2 537875534 33590048 134273120 2997255 1164 7486 33557716 0 0 0
1450064630392 cpu3 202121091 33927 33594921 3111501 847 5280 167774420 0 0 0
1450064630488 cpu  1983713526 33698643 302208284 16990137 23093 1040201321 3456121305 0 0 0
1450064630488 cpu0 672085309 33490 67155347 8003372 19132 939525086 3187678742 0 0 0
1450064630488 cpu1 571631582 41178 67184895 2878001 1950 100663469 67110427 0 0 0
1450064630488 cpu2 537875539 33590048 134273120 2997259 1164 7486 33557716 0 0 0
1450064630488 cpu3 202121096 33927 33594922 3111505 847 5280 167774420 0 0 0
1450064630588 cpu  1983713550 33698643 302208284 16990144 23093 1040201321 3456121305 0 0 0
1450064630588 cpu0 672085313 33490 67155347 8003374 19132 939525086 3187678742 0 0 0
1450064630588 cpu1 571631590 41178 67184895 2878002 1950 100663469 67110427 0 0 0
1450064630588 cpu2 537875545 33590048 134273120 2997261 1164 7486 33557716 0 0 0
1450064630588 cpu3 202121102 33927 33594922 3111507 847 5280 167774420 0 0 0
1450064630681 cpu  1983713565 33698643 302208284 16990162 23093 1040201321 3456121306 0 0 0
1450064630681 cpu0 672085316 33490 67155347 8003378 19132 939525086 3187678743 0 0 0
1450064630681 cpu1 571631598 41178 67184895 2878003 1950 100663469 67110427 0 0 0
1450064630681 cpu2 537875547 33590048 134273120 2997267 1164 7486 33557716 0 0 0
1450064630681 cpu3 202121104 33927 33594922 3111514 847 5280 167774420 0 0 0
1450064630782 cpu  1983713582 33698643 302208284 16990181 23094 1040201321 3456121306 0 0 0
1450064630782 cpu0 672085318 33490 67155347 8003384 19133 939525086 3187678743 0 0 0
1450064630782 cpu1 571631608 41178 67184895 2878003 1950 100663469 67110427 0 0 0
1450064630782 cpu2 537875550 33590048 134273120 2997273 1164 7486 33557716 0 0 0
1450064630782 cpu3 202121106 33927 33594922 3111521 847 5280 167774420 0 0 0
1450064630884 cpu  1983713597 33698643 302208286 16990201 23094 1040201321 3456121306 0 0 0
1450064630884 cpu0 672085321 33490 67155347 8003390 19133 939525086 3187678743 0 0 0
1450064630884 cpu1 571631613 41178 67184896 2878006 1950 100663469 67110427 0 0 0
1450064630884 cpu2 537875556 33590048 134273120 2997277 1164 7486 33557716 0 0 0
1450064630884 cpu3 202121107 33927 33594923 3111528 847 5280 167774420 0 0 0
1450064630978 cpu  1983713611 33698643 302208289 16990221 23094 1040201321 3456121306 0 0 0
1450064630978 cpu0 672085323 33490 67155348 8003396 19133 939525086 3187678743 0 0 0
1450064630978 cpu1 571631621 41178 67184897 2878006 1950 100663469 67110427 0 0 0
1450064630978 cpu2 537875559 33590048 134273121 2997283 1164 7486 33557716 0 0 0
1450064630978 cpu3 202121108 33927 33594923 3111536 847 5280 167774420 0 0 0
1450064631081 cpu  1983713636 33698645 302208290 16990228 23094 1040201322 3456121306 0 0 0
1450064631081 cpu0 672085326 33490 67155348 8003400 19133 939525086 3187678743 0 0 0
1450064631081 cpu1 571631630 41179 67184897 2878006 1950 100663469 67110427 0 0 0
1450064631081 cpu2 537875566 33590048 134273122 2997284 1164 7486 33557716 0 0 0
1450064631081 cpu3 202121114 33928 33594923 3111538 847 5281 167774420 0 0 0
1450064631182 cpu  1983713649 33698645 302208290 16990255 23094 1040201322 3456121307 0 0 0
1450064631182 cpu0 672085327 33490 67155348 8003408 19133 939525086 3187678744 0 0 0
1450064631182 cpu1 571631639 41179 67184897 2878006 1950 100663469 67110427 0 0 0
1450064631182 cpu2 537875568 33590048 134273122 2997293 1164 7486 33557716 0 0 0
1450064631182 cpu3 202121115 33928 33594923 3111548 847 5281 167774420 0 0 0
1450064631251 cpu  1983713661 33698645 302208290 16990269 23094 1040201322 3456121307 0 0 0
1450064631251 cpu0 672085329 33490 67155348 8003412 19133 939525086 3187678744 0 0 0
1450064631251 cpu1 571631644 41179 67184897 2878009 1950 100663469 67110427 0 0 0
1450064631251 cpu2 537875570 33590048 134273122 2997297 1164 7486 33557716 0 0 0
1450064631251 cpu3 202121118 33928 33594923 3111551 847 5281 167774420 0 0 0
1450064631354 cpu  1983713674 33698645 302208290 16990295 23094 1040201322 3456121307 0 0 0
1450064631354 cpu0 672085331 33490 67155348 8003420 19133 939525086 3187678744 0 0 0
1450064631354 cpu1 571631651 41179 67184897 2878011 1950 100663469 67110427 0 0 0
1450064631354 cpu2 537875573 33590048 134273122 2997304 1164 7486 33557716 0 0 0
1450064631354 cpu3 202121119 33928 33594923 3111560 847 5281 167774420 0 0 0
1450064631457 cpu  1983713689 33698645 302208292 16990319 23094 1040201322 3456121307 0 0 0
1450064631457 cpu0 672085332 33490 67155348 8003428 19133 939525086 3187678744 0 0 0
1450064631457 cpu1 571631661 41179 67184898 2878011 1950 100663469 67110427 0 0 0
1450064631457 cpu2 537875576 33590048 134273123 2997310 1164 7486 33557716 0 0 0
1450064631457 cpu3 202121120 33928 33594923 3111570 847 5281 167774420 0 0 0
1450064631523 cpu  1983713696 33698645 302208293 16990337 23094 1040201322 3456121307 0 0 0
1450064631523 cpu0 672085333 33490 67155348 8003434 19133 939525086 3187678744 0 0 0
1450064631523 cpu1 571631666 41179 67184899 2878012 1950 100663469 67110427 0 0 0
1450064631523 cpu2 537875577 33590048 134273123 2997315 1164 7486 33557716 0 0 0
1450064631523 cpu3 202121120 33928 33594923 3111576 847 5281 167774420 0 0 0
1450064631626 cpu  1983713705 33698645 302208295 16990366 23094 1040201322 3456121307 0 0 0
1450064631626 cpu0 672085335 33490 67155350 8003440 19133 939525086 3187678744 0 0 0
1450064631626 cpu1 571631671 41179 67184899 2878016 1950 100663469 67110427 0 0 0
1450064631626 cpu2 537875578 33590048 134273123 2997325 1164 7486 33557716 0 0 0
1450064631626 cpu3 202121121 33928 33594923 3111585 847 5281 167774420 0 0 0
1450064631728 cpu  1983713721 33698645 302208296 16990388 23094 1040201322 3456121307 0 0 0
1450064631728 cpu0 672085336 33490 67155350 8003448 19133 939525086 3187678744 0 0 0
1450064631728 cpu1 571631680 41179 67184899 2878017 1950 100663469 67110427 0 0 0
1450064631728 cpu2 537875582 33590048 134273123 2997331 1164 7486 33557716 0 0 0
1450064631728 cpu3 202121123 33928 33594924 3111592 847 5281 167774420 0 0 0
1450064631828 cpu  1983713740 33698645 302208296 16990402 23094 1040201322 3456121307 0 0 0
1450064631828 cpu0 672085339 33490 67155350 8003452 19133 939525086 3187678744 0 0 0
1450064631828 cpu1 571631689 41179 67184899 2878017 1950 100663469 67110427 0 0 0
1450064631828 cpu2 537875586 33590048 134273123 2997335 1164 7486 33557716 0 0 0
1450064631828 cpu3 202121126 33928 33594924 3111598 847 5281 167774420 0 0 0
1450064631928 cpu  1983713761 33698645 302208297 16990414 23094 1040201322 3456121308 0 0 0
1450064631928 cpu0 672085344 33490 67155351 8003453 19133 939525086 3187678745 0 0 0
1450064631928 cpu1 571631698 41179 67184899 2878017 1950 100663469 67110427 0 0 0
1450064631928 cpu2 537875590 33590048 134273123 2997340 1164 7486 33557716 0 0 0
1450064631928 cpu3 202121129 33928 33594924 3111604 847 5281 167774420 0 0 0
1450064632028 cpu  1983713776 33698649 302208299 16990429 23094 1040201322 3456121309 0 0 0
1450064632028 cpu0 672085346 33490 67155351 8003459 19133 939525086 3187678746 0 0 0
1450064632028 cpu1 571631705 41179 67184899 2878018 1950 100663469 67110427 0 0 0
1450064632028 cpu2 537875593 33590050 134273124 2997344 1164 7486 33557716 0 0 0
1450064632028 cpu3 202121132 33930 33594925 3111608 847 5281 167774420 0 0 0
1450064632108 cpu  1983713789 33698653 302208302 16990439 23094 1040201322 3456121309 0 0 0
1450064632108 cpu0 672085348 33490 67155351 8003464 19133 939525086 3187678746 0 0 0
1450064632108 cpu1 571631709 41180 67184900 2878021 1950 100663469 67110427 0 0 0
1450064632108 cpu2 537875595 33590051 134273126 2997346 1164 7486 33557716 0 0 0
1450064632108 cpu3 202121137 33932 33594925 3111608 847 5281 167774420 0 0 0
1450064632209 cpu  1983713802 33698653 302208302 16990465 23094 1040201322 3456121309 0 0 0
1450064632209 cpu0 672085349 33490 67155351 8003473 19133 939525086 3187678746 0 0 0
1450064632209 cpu1 571631718 41180 67184900 2878021 1950 100663469 67110427 0 0 0
1450064632209 cpu2 537875597 33590051 134273126 2997354 1164 7486 33557716 0 0 0
1450064632209 cpu3 202121138 33932 33594925 3111617 847 5281 167774420 0 0 0
1450064632312 cpu  1983713816 33698653 302208304 16990488 23094 1040201322 3456121309 0 0 0
1450064632312 cpu0 672085351 33490 67155351 8003481 19133 939525086 3187678746 0 0 0
1450064632312 cpu1 571631726 41180 67184901 2878021 1950 100663469 67110427 0 0 0
1450064632312 cpu2 537875600 33590051 134273127 2997360 1164 7486 33557716 0 0 0
1450064632312 cpu3 202121139 33932 33594925 3111626 847 5281 167774420 0 0 0
1450064632410 cpu  1983713834 33698653 302208305 16990504 23094 1040201322 3456121309 0 0 0
1450064632410 cpu0 672085354 33490 67155352 8003485 19133 939525086 3187678746 0 0 0
1450064632410 cpu1 571631732 41180 67184901 2878024 1950 100663469 67110427 0 0 0
1450064632410 cpu2 537875603 33590051 134273127 2997366 1164 7486 33557716 0 0 0
1450064632410 cpu3 202121145 33932 33594925 3111629 847 5281 167774420 0 0 0
1450064632508 cpu  1983713852 33698654 302208308 16990521 23094 1040201322 3456121309 0 0 0
1450064632508 cpu0 672085357 33491 67155352 8003491 19133 939525086 3187678746 0 0 0
1450064632508 cpu1 571631740 41180 67184902 2878025 1950 100663469 67110427 0 0 0
1450064632508 cpu2 537875606 33590051 134273128 2997371 1164 7486 33557716 0 0 0
1450064632508 cpu3 202121149 33932 33594926 3111634 847 5281 167774420 0 0 0
1450064632608 cpu  1983713868 33698661 302208309 16990533 23094 1040201323 3456121309 0 0 0
1450064632608 cpu0 672085360 33492 67155352 8003496 19133 939525086 3187678746 0 0 0
1450064632608 cpu1 571631743 41185 67184903 2878025 1950 100663469 67110427 0 0 0
1450064632608 cpu2 537875610 33590051 134273128 2997376 1164 7487 33557716 0 0 0
1450064632608 cpu3 202121155 33933 33594926 3111636 847 5281 167774420 0 0 0
1450064632708 cpu  1983713877 33698669 302208313 16990549 23094 1040201323 3456121309 0 0 0
1450064632708 cpu0 672085363 33492 67155353 8003501 19133 939525086 3187678746 0 0 0
1450064632708 cpu1 571631744 41190 67184904 2878027 1950 100663469 67110427 0 0 0
1450064632708 cpu2 537875612 33590053 134273128 2997381 1164 7487 33557716 0 0 0
1450064632708 cpu3 202121158 33934 33594928 3111640 847 5281 167774420 0 0 0
1450064632808 cpu  1983713882 33698678 302208314 16990572 23094 1040201323 3456121309 0 0 0
1450064632808 cpu0 672085365 33492 67155353 8003508 19133 939525086 3187678746 0 0 0
1450064632808 cpu1 571631745 41197 67184904 2878029 1950 100663469 67110427 0 0 0
1450064632808 cpu2 537875614 33590053 134273129 2997388 1164 7487 33557716 0 0 0
1450064632808 cpu3 202121158 33936 33594928 3111647 847 5281 167774420 0 0 0
1450064632909 cpu  1983713889 33698680 302208316 16990600 23094 1040201323 3456121309 0 0 0
1450064632909 cpu0 672085366 33492 67155354 8003516 19133 939525086 3187678746 0 0 0
1450064632909 cpu1 571631747 41199 67184904 2878035 1950 100663469 67110427 0 0 0
1450064632909 cpu2 537875616 33590053 134273129 2997395 1164 7487 33557716 0 0 0
1450064632909 cpu3 202121160 33936 33594929 3111654 847 5281 167774420 0 0 0
1450064633010 cpu  1983713894 33698680 302208317 16990635 23094 1040201323 3456121309 0 0 0
1450064633010 cpu0 672085367 33492 67155354 8003525 19133 939525086 3187678746 0 0 0
1450064633010 cpu1 571631749 41199 67184905 2878042 1950 100663469 67110427 0 0 0
1450064633010 cpu2 537875617 33590053 134273129 2997404 1164 7487 33557716 0 0 0
1450064633010 cpu3 202121161 33936 33594929 3111664 847 5281 167774420 0 0 0
1450064633111 cpu  1983713898 33698680 302208320 16990667 23094 1040201323 3456121309 0 0 0
1450064633111 cpu0 672085367 33492 67155354 8003534 19133 939525086 3187678746 0 0 0
1450064633111 cpu1 571631751 41199 67184906 2878049 1950 100663469 67110427 0 0 0
1450064633111 cpu2 537875619 33590053 134273131 2997410 1164 7487 33557716 0 0 0
1450064633111 cpu3 202121161 33936 33594929 3111674 847 5281 167774420 0 0 0
1450064633208 cpu  1983713899 33698680 302208320 16990706 23094 1040201323 3456121309 0 0 0
1450064633208 cpu0 672085368 33492 67155354 8003543 19133 939525086 3187678746 0 0 0
1450064633208 cpu1 571631751 41199 67184906 2878059 1950 100663469 67110427 0 0 0
1450064633208 cpu2 537875619 33590053 134273131 2997420 1164 7487 33557716 0 0 0
1450064633208 cpu3 202121161 33936 33594929 3111684 847 5281 167774420 0 0 0
1450064633311 cpu  1983713900 33698680 302208320 16990745 23094 1040201323 3456121309 0 0 0
1450064633311 cpu0 672085368 33492 67155354 8003553 19133 939525086 3187678746 0 0 0
1450064633311 cpu1 571631751 41199 67184906 2878069 1950 100663469 67110427 0 0 0
1450064633311 cpu2 537875620 33590053 134273131 2997429 1164 7487 33557716 0 0 0
1450064633311 cpu3 202121161 33936 33594929 3111694 847 5281 167774420 0 0 0
1450064633414 cpu  1983713902 33698680 302208320 16990783 23094 1040201323 3456121309 0 0 0
1450064633414 cpu0 672085368 33492 67155354 8003563 19133 939525086 3187678746 0 0 0
1450064633414 cpu1 571631752 41199 67184906 2878077 1950 100663469 67110427 0 0 0
1450064633414 cpu2 537875621 33590053 134273131 2997439 1164 7487 33557716 0 0 0
1450064633414 cpu3 202121161 33936 33594929 3111704 847 5281 167774420 0 0 0
1450064633518 cpu  1983713910 33698680 302208321 16990814 23094 1040201323 3456121309 0 0 0
1450064633518 cpu0 672085370 33492 67155354 8003570 19133 939525086 3187678746 0 0 0
1450064633518 cpu1 571631756 41199 67184907 2878083 1950 100663469 67110427 0 0 0
1450064633518 cpu2 537875623 33590053 134273131 2997447 1164 7487 33557716 0 0 0
1450064633518 cpu3 202121161 33936 33594929 3111714 847 5281 167774420 0 0 0
1450064633618 cpu  1983713930 33698681 302208322 16990829 23094 1040201323 3456121309 0 0 0
1450064633618 cpu0 672085375 33492 67155354 8003574 19133 939525086 3187678746 0 0 0
1450064633618 cpu1 571631758 41200 67184907 2878088 1950 100663469 67110427 0 0 0
1450064633618 cpu2 537875627 33590053 134273131 2997453 1164 7487 33557716 0 0 0
1450064633618 cpu3 202121170 33936 33594930 3111714 847 5281 167774420 0 0 0
1450064633718 cpu  1983713946 33698681 302208322 16990848 23094 1040201323 3456121309 0 0 0
1450064633718 cpu0 672085377 33492 67155354 8003581 19133 939525086 3187678746 0 0 0
1450064633718 cpu1 571631762 41200 67184907 2878093 1950 100663469 67110427 0 0 0
1450064633718 cpu2 537875633 33590053 134273131 2997456 1164 7487 33557716 0 0 0
1450064633718 cpu3 202121174 33936 33594930 3111718 847 5281 167774420 0 0 0
1450064633818 cpu  1983713963 33698691 302208323 16990857 23094 1040201323 3456121309 0 0 0
1450064633818 cpu0 672085381 33493 67155354 8003584 19133 939525086 3187678746 0 0 0
1450064633818 cpu1 571631766 41203 67184907 2878095 1950 100663469 67110427 0 0 0
1450064633818 cpu2 537875638 33590055 134273131 2997459 1164 7487 33557716 0 0 0
1450064633818 cpu3 202121178 33940 33594931 3111719 847 5281 167774420 0 0 0
