1450064651404 cpu  1983714981 33698728 302208473 16996442 23108 1040201326 3456121312 0 0 0
1450064651404 cpu0 672085577 33503 67155366 8005003 19146 939525086 3187678748 0 0 0
1450064651404 cpu1 571632083 41209 67184963 2879430 1950 100663469 67110428 0 0 0
1450064651404 cpu2 537875919 33590065 134273183 2998831 1165 7489 33557716 0 0 0
1450064651404 cpu3 202121402 33951 33594961 3113178 847 5282 167774420 0 0 0
1450064651488 cpu  1983714997 33698728 302208474 16996455 23108 1040201326 3456121312 0 0 0
1450064651488 cpu0 672085581 33503 67155366 8005006 19146 939525086 3187678748 0 0 0
1450064651488 cpu1 571632089 41209 67184963 2879432 1950 100663469 67110428 0 0 0
1450064651488 cpu2 537875922 33590065 134273184 2998835 1165 7489 33557716 0 0 0
1450064651488 cpu3 202121405 33951 33594961 3113182 847 5282 167774420 0 0 0
1450064651549 cpu  1983715006 33698728 302208474 16996470 23108 1040201326 3456121312 0 0 0
1450064651549 cpu0 672085582 33503 67155366 8005010 19146 939525086 3187678748 0 0 0
1450064651549 cpu1 571632091 41209 67184963 2879436 1950 100663469 67110428 0 0 0
1450064651549 cpu2 537875924 33590065 134273184 2998840 1165 7489 33557716 0 0 0
1450064651549 cpu3 202121409 33951 33594961 3113184 847 5282 167774420 0 0 0
1450064651610 cpu  1983715013 33698728 302208477 16996482 23108 1040201326 3456121312 0 0 0
1450064651610 cpu0 672085583 33503 67155366 8005015 19146 939525086 3187678748 0 0 0
1450064651610 cpu1 571632092 41209 67184964 2879439 1950 100663469 67110428 0 0 0
1450064651610 cpu2 537875927 33590065 134273185 2998841 1165 7489 33557716 0 0 0
1450064651610 cpu3 202121411 33951 33594962 3113187 847 5282 167774420 0 0 0
1450064651672 cpu  1983715022 33698728 302208481 16996491 23108 1040201326 3456121313 0 0 0
1450064651672 cpu0 672085585 33503 67155366 8005018 19146 939525086 3187678748 0 0 0
1450064651672 cpu1 571632095 41209 67184966 2879439 1950 100663469 67110428 0 0 0
1450064651672 cpu2 537875929 33590065 134273186 2998844 1165 7489 33557717 0 0 0
1450064651672 cpu3 202121413 33951 33594963 3113190 847 5282 167774420 0 0 0
1450064651733 cpu  1983715027 33698729 302208482 16996508 23108 1040201326 3456121313 0 0 0
1450064651733 cpu0 672085585 33504 67155367 8005022 19146 939525086 3187678748 0 0 0
1450064651733 cpu1 571632097 41209 67184966 2879443 1950 100663469 67110428 0 0 0
1450064651733 cpu2 537875930 33590065 134273186 2998848 1165 7489 33557717 0 0 0
1450064651733 cpu3 202121415 33951 33594963 3113195 847 5282 167774420 0 0 0
1450064651798 cpu  1983715030 33698729 302208483 16996528 23108 1040201326 3456121313 0 0 0
1450064651798 cpu0 672085586 33504 67155367 8005026 19146 939525086 3187678748 0 0 0
1450064651798 cpu1 571632098 41209 67184967 2879448 1950 100663469 67110428 0 0 0
1450064651798 cpu2 537875931 33590065 134273186 2998854 1165 7489 33557717 0 0 0
1450064651798 cpu3 202121415 33951 33594963 3113200 847 5282 167774420 0 0 0
1450064651861 cpu  1983715034 33698730 302208483 16996546 23108 1040201326 3456121313 0 0 0
1450064651861 cpu0 672085587 33505 67155367 8005030 19146 939525086 3187678748 0 0 0
1450064651861 cpu1 571632099 41209 67184967 2879452 1950 100663469 67110428 0 0 0
1450064651861 cpu2 537875932 33590065 134273186 2998859 1165 7489 33557717 0 0 0
1450064651861 cpu3 202121416 33951 33594963 3113205 847 5282 167774420 0 0 0
1450064651924 cpu  1983715048 33698730 302208484 16996554 23108 1040201326 3456121313 0 0 0
1450064651924 cpu0 672085589 33505 67155367 8005033 19146 939525086 3187678748 0 0 0
1450064651924 cpu1 571632104 41209 67184968 2879453 1950 100663469 67110428 0 0 0
1450064651924 cpu2 537875935 33590065 134273186 2998861 1165 7489 33557717 0 0 0
1450064651924 cpu3 202121420 33951 33594963 3113207 847 5282 167774420 0 0 0
1450064651987 cpu  1983715057 33698730 302208487 16996567 23108 1040201326 3456121313 0 0 0
1450064651987 cpu0 672085590 33505 67155368 8005037 19146 939525086 3187678748 0 0 0
1450064651987 cpu1 571632106 41209 67184968 2879457 1950 100663469 67110428 0 0 0
1450064651987 cpu2 537875937 33590065 134273187 2998865 1165 7489 33557717 0 0 0
1450064651987 cpu3 202121424 33951 33594964 3113208 847 5282 167774420 0 0 0
1450064652048 cpu  1983715065 33698730 302208487 16996582 23108 1040201326 3456121314 0 0 0
1450064652048 cpu0 672085591 33505 67155368 8005042 19146 939525086 3187678748 0 0 0
1450064652048 cpu1 571632110 41209 67184968 2879459 1950 100663469 67110429 0 0 0
1450064652048 cpu2 537875937 33590065 134273187 2998870 1165 7489 33557717 0 0 0
1450064652048 cpu3 202121427 33951 33594964 3113211 847 5282 167774420 0 0 0
1450064652111 cpu  1983715078 33698730 302208487 16996592 23108 1040201326 3456121314 0 0 0
1450064652111 cpu0 672085594 33505 67155368 8005044 19146 939525086 3187678748 0 0 0
1450064652111 cpu1 571632113 41209 67184968 2879461 1950 100663469 67110429 0 0 0
1450064652111 cpu2 537875940 33590065 134273187 2998874 1165 7489 33557717 0 0 0
1450064652111 cpu3 202121431 33951 33594964 3113213 847 5282 167774420 0 0 0
1450064652174 cpu  1983715086 33698730 302208487 16996608 23108 1040201326 3456121314 0 0 0
1450064652174 cpu0 672085594 33505 67155368 8005050 19146 939525086 3187678748 0 0 0
1450064652174 cpu1 571632119 41209 67184968 2879461 1950 100663469 67110429 0 0 0
1450064652174 cpu2 537875940 33590065 134273187 2998880 1165 7489 33557717 0 0 0
1450064652174 cpu3 202121433 33951 33594964 3113217 847 5282 167774420 0 0 0
1450064652237 cpu  1983715093 33698730 302208487 16996625 23108 1040201326 3456121314 0 0 0
1450064652237 cpu0 672085595 33505 67155368 8005055 19146 939525086 3187678748 0 0 0
1450064652237 cpu1 571632126 41209 67184968 2879461 1950 100663469 67110429 0 0 0
1450064652237 cpu2 537875940 33590065 134273187 2998886 1165 7489 33557717 0 0 0
1450064652237 cpu3 202121433 33951 33594964 3113223 847 5282 167774420 0 0 0
1450064652300 cpu  1983715099 33698730 302208491 16996639 23108 1040201326 3456121314 0 0 0
1450064652300 cpu0 672085595 33505 67155369 8005060 19146 939525086 3187678748 0 0 0
1450064652300 cpu1 571632131 41209 67184969 2879461 1950 100663469 67110429 0 0 0
1450064652300 cpu2 537875940 33590065 134273188 2998890 1165 7489 33557717 0 0 0
1450064652300 cpu3 202121433 33951 33594965 3113228 847 5282 167774420 0 0 0
1450064652361 cpu  1983715108 33698730 302208491 16996656 23108 1040201326 3456121314 0 0 0
1450064652361 cpu0 672085596 33505 67155369 8005065 19146 939525086 3187678748 0 0 0
1450064652361 cpu1 571632137 41209 67184969 2879461 1950 100663469 67110429 0 0 0
1450064652361 cpu2 537875941 33590065 134273188 2998896 1165 7489 33557717 0 0 0
1450064652361 cpu3 202121434 33951 33594965 3113234 847 5282 167774420 0 0 0
1450064652424 cpu  1983715114 33698730 302208491 16996674 23108 1040201326 3456121314 0 0 0
1450064652424 cpu0 672085596 33505 67155369 8005071 19146 939525086 3187678748 0 0 0
1450064652424 cpu1 571632143 41209 67184969 2879461 1950 100663469 67110429 0 0 0
1450064652424 cpu2 537875941 33590065 134273188 2998902 1165 7489 33557717 0 0 0
1450064652424 cpu3 202121434 33951 33594965 3113240 847 5282 167774420 0 0 0
1450064652487 cpu  1983715124 33698730 302208492 16996689 23108 1040201326 3456121314 0 0 0
1450064652487 cpu0 672085596 33505 67155369 8005077 19146 939525086 3187678748 0 0 0
1450064652487 cpu1 571632150 41209 67184969 2879461 1950 100663469 67110429 0 0 0
1450064652487 cpu2 537875944 33590065 134273188 2998905 1165 7489 33557717 0 0 0
1450064652487 cpu3 202121434 33951 33594966 3113246 847 5282 167774420 0 0 0
1450064652549 cpu  1983715132 33698730 302208495 16996702 23108 1040201326 3456121314 0 0 0
1450064652549 cpu0 672085597 33505 67155370 8005082 19146 939525086 3187678748 0 0 0
1450064652549 cpu1 571632154 41209 67184970 2879461 1950 100663469 67110429 0 0 0
1450064652549 cpu2 537875947 33590065 134273189 2998908 1165 7489 33557717 0 0 0
1450064652549 cpu3 202121434 33951 33594966 3113251 847 5282 167774420 0 0 0
1450064652611 cpu  1983715138 33698730 302208496 16996719 23108 1040201326 3456121314 0 0 0
1450064652611 cpu0 672085597 33505 67155370 8005087 19146 939525086 3187678748 0 0 0
1450064652611 cpu1 571632159 41209 67184971 2879461 1950 100663469 67110429 0 0 0
1450064652611 cpu2 537875947 33590065 134273189 2998914 1165 7489 33557717 0 0 0
1450064652611 cpu3 202121435 33951 33594966 3113257 847 5282 167774420 0 0 0
1450064652674 cpu  1983715146 33698730 302208497 16996736 23108 1040201326 3456121314 0 0 0
1450064652674 cpu0 672085598 33505 67155370 8005092 19146 939525086 3187678748 0 0 0
1450064652674 cpu1 571632165 41209 67184972 2879462 1950 100663469 67110429 0 0 0
1450064652674 cpu2 537875948 33590065 134273189 2998919 1165 7489 33557717 0 0 0
1450064652674 cpu3 202121435 33951 33594966 3113263 847 5282 167774420 0 0 0
1450064652744 cpu  1983715159 33698730 302208497 16996746 23108 1040201327 3456121314 0 0 0
1450064652744 cpu0 672085601 33505 67155370 8005095 19146 939525086 3187678748 0 0 0
1450064652744 cpu1 571632169 41209 67184972 2879463 1950 100663469 67110429 0 0 0
1450064652744 cpu2 537875952 33590065 134273189 2998921 1165 7489 33557717 0 0 0
1450064652744 cpu3 202121437 33951 33594966 3113267 847 5283 167774420 0 0 0
1450064652805 cpu  1983715172 33698730 302208498 16996754 23108 1040201327 3456121314 0 0 0
1450064652805 cpu0 672085604 33505 67155370 8005097 19146 939525086 3187678748 0 0 0
1450064652805 cpu1 571632174 41209 67184973 2879464 1950 100663469 67110429 0 0 0
1450064652805 cpu2 537875955 33590065 134273189 2998923 1165 7489 33557717 0 0 0
1450064652805 cpu3 202121439 33951 33594966 3113270 847 5283 167774420 0 0 0
1450064652866 cpu  1983715179 33698730 302208498 16996770 23108 1040201327 3456121314 0 0 0
1450064652866 cpu0 672085606 33505 67155370 8005100 19146 939525086 3187678748 0 0 0
1450064652866 cpu1 571632176 41209 67184973 2879468 1950 100663469 67110429 0 0 0
1450064652866 cpu2 537875956 33590065 134273189 2998928 1165 7489 33557717 0 0 0
1450064652866 cpu3 202121441 33951 33594966 3113274 847 5283 167774420 0 0 0
1450064652929 cpu  1983715184 33698730 302208506 16996782 23108 1040201327 3456121314 0 0 0
1450064652929 cpu0 672085607 33505 67155372 8005103 19146 939525086 3187678748 0 0 0
1450064652929 cpu1 571632179 41209 67184975 2879469 1950 100663469 67110429 0 0 0
1450064652929 cpu2 537875956 33590065 134273191 2998932 1165 7489 33557717 0 0 0
1450064652929 cpu3 202121442 33951 33594968 3113278 847 5283 167774420 0 0 0
1450064652991 cpu  1983715195 33698733 302208507 16996787 23109 1040201327 3456121314 0 0 0
1450064652991 cpu0 672085609 33505 67155373 8005105 19146 939525086 3187678748 0 0 0
1450064652991 cpu1 571632183 41209 67184975 2879469 1950 100663469 67110429 0 0 0
1450064652991 cpu2 537875958 33590068 134273191 2998933 1165 7489 33557717 0 0 0
1450064652991 cpu3 202121445 33951 33594968 3113280 848 5283 167774420 0 0 0
1450064653051 cpu  1983715204 33698739 302208507 16996792 23109 1040201327 3456121314 0 0 0
1450064653051 cpu0 672085611 33507 67155373 8005106 19146 939525086 3187678748 0 0 0
1450064653051 cpu1 571632187 41211 67184975 2879469 1950 100663469 67110429 0 0 0
1450064653051 cpu2 537875960 33590068 134273191 2998936 1165 7489 33557717 0 0 0
1450064653051 cpu3 202121446 33953 33594968 3113281 848 5283 167774420 0 0 0
1450064653112 cpu  1983715216 33698743 302208509 16996798 23109 1040201327 3456121314 0 0 0
1450064653112 cpu0 672085614 33508 67155373 8005107 19146 939525086 3187678748 0 0 0
1450064653112 cpu1 571632189 41212 67184976 2879471 1950 100663469 67110429 0 0 0
1450064653112 cpu2 537875964 33590069 134273192 2998936 1165 7489 33557717 0 0 0
1450064653112 cpu3 202121449 33954 33594968 3113284 848 5283 167774420 0 0 0
1450064653174 cpu  1983715229 33698745 302208510 16996805 23109 1040201327 3456121314 0 0 0
1450064653174 cpu0 672085618 33508 67155373 8005108 19146 939525086 3187678748 0 0 0
1450064653174 cpu1 571632193 41213 67184976 2879472 1950 100663469 67110429 0 0 0
1450064653174 cpu2 537875966 33590070 134273192 2998939 1165 7489 33557717 0 0 0
1450064653174 cpu3 202121452 33954 33594969 3113286 848 5283 167774420 0 0 0
1450064653235 cpu  1983715241 33698749 302208510 16996810 23109 1040201327 3456121314 0 0 0
1450064653235 cpu0 672085620 33509 67155373 8005110 19146 939525086 3187678748 0 0 0
1450064653235 cpu1 571632194 41216 67184976 2879473 1950 100663469 67110429 0 0 0
1450064653235 cpu2 537875970 33590070 134273192 2998940 1165 7489 33557717 0 0 0
1450064653235 cpu3 202121457 33954 33594969 3113287 848 5283 167774420 0 0 0
1450064653295 cpu  1983715249 33698749 302208512 16996825 23109 1040201327 3456121314 0 0 0
1450064653295 cpu0 672085622 33509 67155374 8005114 19146 939525086 3187678748 0 0 0
1450064653295 cpu1 571632197 41216 67184976 2879476 1950 100663469 67110429 0 0 0
1450064653295 cpu2 537875972 33590070 134273192 2998945 1165 7489 33557717 0 0 0
1450064653295 cpu3 202121458 33954 33594970 3113290 848 5283 167774420 0 0 0
1450064653357 cpu  1983715262 33698749 302208512 16996834 23110 1040201327 3456121314 0 0 0
1450064653357 cpu0 672085626 33509 67155374 8005115 19146 939525086 3187678748 0 0 0
1450064653357 cpu1 571632200 41216 67184976 2879478 1951 100663469 67110429 0 0 0
1450064653357 cpu2 537875975 33590070 134273192 2998948 1165 7489 33557717 0 0 0
1450064653357 cpu3 202121461 33954 33594970 3113293 848 5283 167774420 0 0 0
1450064653418 cpu  1983715278 33698749 302208512 16996837 23110 1040201327 3456121314 0 0 0
1450064653418 cpu0 672085629 33509 67155374 8005116 19146 939525086 3187678748 0 0 0
1450064653418 cpu1 571632204 41216 67184976 2879479 1951 100663469 67110429 0 0 0
1450064653418 cpu2 537875980 33590070 134273192 2998948 1165 7489 33557717 0 0 0
1450064653418 cpu3 202121465 33954 33594970 3113294 848 5283 167774420 0 0 0
1450064653479 cpu  1983715293 33698750 302208512 16996840 23110 1040201327 3456121314 0 0 0
1450064653479 cpu0 672085632 33510 67155374 8005117 19146 939525086 3187678748 0 0 0
1450064653479 cpu1 571632208 41216 67184976 2879479 1951 100663469 67110429 0 0 0
1450064653479 cpu2 537875984 33590070 134273192 2998949 1165 7489 33557717 0 0 0
1450064653479 cpu3 202121469 33954 33594970 3113295 848 5283 167774420 0 0 0
1450064653540 cpu  1983715307 33698750 302208513 16996848 23110 1040201327 3456121314 0 0 0
1450064653540 cpu0 672085635 33510 67155374 8005119 19146 939525086 3187678748 0 0 0
1450064653540 cpu1 571632212 41216 67184976 2879481 1951 100663469 67110429 0 0 0
1450064653540 cpu2 537875988 33590070 134273192 2998950 1165 7489 33557717 0 0 0
1450064653540 cpu3 202121472 33954 33594971 3113298 848 5283 167774420 0 0 0
1450064653601 cpu  1983715321 33698750 302208514 16996853 23110 1040201327 3456121315 0 0 0
1450064653601 cpu0 672085639 33510 67155374 8005119 19146 939525086 3187678748 0 0 0
1450064653601 cpu1 571632216 41216 67184977 2879482 1951 100663469 67110429 0 0 0
1450064653601 cpu2 537875992 33590070 134273192 2998951 1165 7489 33557717 0 0 0
1450064653601 cpu3 202121474 33954 33594971 3113301 848 5283 167774421 0 0 0
1450064653662 cpu  1983715341 33698750 302208514 16996855 23110 1040201327 3456121315 0 0 0
1450064653662 cpu0 672085644 33510 67155374 8005120 19146 939525086 3187678748 0 0 0
1450064653662 cpu1 571632221 41216 67184977 2879482 1951 100663469 67110429 0 0 0
1450064653662 cpu2 537875997 33590070 134273192 2998952 1165 7489 33557717 0 0 0
1450064653662 cpu3 202121479 33954 33594971 3113301 848 5283 167774421 0 0 0
1450064653722 cpu  1983715354 33698750 302208514 16996862 23110 1040201327 3456121315 0 0 0
1450064653722 cpu0 672085646 33510 67155374 8005122 19146 939525086 3187678748 0 0 0
1450064653722 cpu1 571632226 41216 67184977 2879483 1951 100663469 67110429 0 0 0
1450064653722 cpu2 537876001 33590070 134273192 2998953 1165 7489 33557717 0 0 0
1450064653722 cpu3 202121481 33954 33594971 3113304 848 5283 167774421 0 0 0
1450064653783 cpu  1983715368 33698750 302208515 16996869 23110 1040201327 3456121315 0 0 0
1450064653783 cpu0 672085648 33510 67155374 8005125 19146 939525086 3187678748 0 0 0
1450064653783 cpu1 571632231 41216 67184977 2879483 1951 100663469 67110429 0 0 0
1450064653783 cpu2 537876005 33590070 134273192 2998955 1165 7489 33557717 0 0 0
1450064653783 cpu3 202121484 33954 33594972 3113306 848 5283 167774421 0 0 0
1450064653858 cpu  1983715383 33698750 302208516 16996880 23110 1040201327 3456121315 0 0 0
1450064653858 cpu0 672085652 33510 67155375 8005127 19146 939525086 3187678748 0 0 0
1450064653858 cpu1 571632237 41216 67184977 2879484 1951 100663469 67110429 0 0 0
1450064653858 cpu2 537876008 33590070 134273192 2998958 1165 7489 33557717 0 0 0
1450064653858 cpu3 202121486 33954 33594972 3113311 848 5283 167774421 0 0 0
1450064653959 cpu  1983715397 33698750 302208520 16996901 23110 1040201327 3456121315 0 0 0
1450064653959 cpu0 672085656 33510 67155375 8005132 19146 939525086 3187678748 0 0 0
1450064653959 cpu1 571632241 41216 67184979 2879488 1951 100663469 67110429 0 0 0
1450064653959 cpu2 537876011 33590070 134273194 2998963 1165 7489 33557717 0 0 0
1450064653959 cpu3 202121489 33954 33594972 3113318 848 5283 167774421 0 0 0
1450064654060 cpu  1983715409 33698750 302208521 16996923 23110 1040201327 3456121315 0 0 0
1450064654060 cpu0 672085658 33510 67155375 8005138 19146 939525086 3187678748 0 0 0
1450064654060 cpu1 571632244 41216 67184979 2879494 1951 100663469 67110429 0 0 0
1450064654060 cpu2 537876017 33590070 134273195 2998965 1165 7489 33557717 0 0 0
1450064654060 cpu3 202121490 33954 33594972 3113326 848 5283 167774421 0 0 0
1450064654148 cpu  1983715413 33698750 302208522 16996955 23110 1040201327 3456121315 0 0 0
1450064654148 cpu0 672085659 33510 67155376 8005146 19146 939525086 3187678748 0 0 0
1450064654148 cpu1 571632246 41216 67184979 2879501 1951 100663469 67110429 0 0 0
1450064654148 cpu2 537876018 33590070 134273195 2998973 1165 7489 33557717 0 0 0
1450064654148 cpu3 202121490 33954 33594972 3113335 848 5283 167774421 0 0 0
1450064654250 cpu  1983715419 33698750 302208522 16996988 23110 1040201327 3456121315 0 0 0
1450064654250 cpu0 672085659 33510 67155376 8005155 19146 939525086 3187678748 0 0 0
1450064654250 cpu1 571632251 41216 67184979 2879506 1951 100663469 67110429 0 0 0
1450064654250 cpu2 537876019 33590070 134273195 2998982 1165 7489 33557717 0 0 0
1450064654250 cpu3 202121490 33954 33594972 3113345 848 5283 167774421 0 0 0
1450064654353 cpu  1983715422 33698750 302208522 16997027 23110 1040201327 3456121315 0 0 0
1450064654353 cpu0 672085660 33510 67155376 8005165 19146 939525086 3187678748 0 0 0
1450064654353 cpu1 571632251 41216 67184979 2879516 1951 100663469 67110429 0 0 0
1450064654353 cpu2 537876021 33590070 134273195 2998991 1165 7489 33557717 0 0 0
1450064654353 cpu3 202121490 33954 33594972 3113355 848 5283 167774421 0 0 0
1450064654448 cpu  1983715424 33698750 302208522 16997062 23110 1040201328 3456121315 0 0 0
1450064654448 cpu0 672085660 33510 67155376 8005173 19146 939525086 3187678748 0 0 0
1450064654448 cpu1 571632252 41216 67184979 2879525 1951 100663469 67110429 0 0 0
1450064654448 cpu2 537876021 33590070 134273195 2999000 1165 7490 33557717 0 0 0
1450064654448 cpu3 202121491 33954 33594972 3113364 848 5283 167774421 0 0 0
1450064654548 cpu  1983715424 33698750 302208522 16997102 23110 1040201328 3456121315 0 0 0
1450064654548 cpu0 672085660 33510 67155376 8005183 19146 939525086 3187678748 0 0 0
1450064654548 cpu1 571632252 41216 67184979 2879535 1951 100663469 67110429 0 0 0
1450064654548 cpu2 537876021 33590070 134273195 2999010 1165 7490 33557717 0 0 0
1450064654548 cpu3 202121491 33954 33594972 3113374 848 5283 167774421 0 0 0
1450064654651 cpu  1983715425 33698750 302208522 16997142 23110 1040201328 3456121315 0 0 0
1450064654651 cpu0 672085661 33510 67155376 8005193 19146 939525086 3187678748 0 0 0
1450064654651 cpu1 571632252 41216 67184979 2879545 1951 100663469 67110429 0 0 0
1450064654651 cpu2 537876021 33590070 134273195 2999020 1165 7490 33557717 0 0 0
1450064654651 cpu3 202121491 33954 33594972 3113384 848 5283 167774421 0 0 0
1450064654754 cpu  1983715431 33698750 302208522 16997175 23110 1040201328 3456121315 0 0 0
1450064654754 cpu0 672085662 33510 67155376 8005202 19146 939525086 3187678748 0 0 0
1450064654754 cpu1 571632255 41216 67184979 2879551 1951 100663469 67110429 0 0 0
1450064654754 cpu2 537876023 33590070 134273195 2999027 1165 7490 33557717 0 0 0
1450064654754 cpu3 202121491 33954 33594972 3113395 848 5283 167774421 0 0 0
1450064654848 cpu  1983715449 33698752 302208523 16997189 23111 1040201328 3456121315 0 0 0
1450064654848 cpu0 672085666 33511 67155376 8005206 19147 939525086 3187678748 0 0 0
1450064654848 cpu1 571632258 41217 67184980 2879555 1951 100663469 67110429 0 0 0
1450064654848 cpu2 537876029 33590070 134273195 2999031 1165 7490 33557717 0 0 0
1450064654848 cpu3 202121496 33954 33594972 3113397 848 5283 167774421 0 0 0
1450064654949 cpu  1983715464 33698752 302208524 16997207 23111 1040201328 3456121315 0 0 0
1450064654949 cpu0 672085668 33511 67155377 8005210 19147 939525086 3187678748 0 0 0
1450064654949 cpu1 571632262 41217 67184980 2879560 1951 100663469 67110429 0 0 0
1450064654949 cpu2 537876034 33590070 134273195 2999035 1165 7490 33557717 0 0 0
1450064654949 cpu3 202121500 33954 33594972 3113402 848 5283 167774421 0 0 0
1450064655015 cpu  1983715464 33698752 302208524 16997232 23111 1040201328 3456121315 0 0 0
1450064655015 cpu0 672085668 33511 67155377 8005216 19147 939525086 3187678748 0 0 0
1450064655015 cpu1 571632262 41217 67184980 2879567 1951 100663469 67110429 0 0 0
1450064655015 cpu2 537876034 33590070 134273195 2999041 1165 7490 33557717 0 0 0
1450064655015 cpu3 202121500 33954 33594972 3113408 848 5283 167774421 0 0 0
1450064655103 cpu  1983715472 33698752 302208525 16997256 23111 1040201328 3456121315 0 0 0
1450064655103 cpu0 672085670 33511 67155377 8005222 19147 939525086 3187678748 0 0 0
1450064655103 cpu1 571632263 41217 67184980 2879574 1951 100663469 67110429 0 0 0
1450064655103 cpu2 537876037 33590070 134273196 2999045 1165 7490 33557717 0 0 0
1450064655103 cpu3 202121502 33954 33594972 3113415 848 5283 167774421 0 0 0
1450064655206 cpu  1983715477 33698752 302208525 16997292 23111 1040201328 3456121315 0 0 0
1450064655206 cpu0 672085672 33511 67155377 8005230 19147 939525086 3187678748 0 0 0
1450064655206 cpu1 571632264 41217 67184980 2879584 1951 100663469 67110429 0 0 0
1450064655206 cpu2 537876038 33590070 134273196 2999054 1165 7490 33557717 0 0 0
1450064655206 cpu3 202121503 33954 33594972 3113424 848 5283 167774421 0 0 0
1450064655308 cpu  1983715487 33698752 302208525 16997319 23111 1040201328 3456121315 0 0 0
1450064655308 cpu0 672085675 33511 67155377 8005236 19147 939525086 3187678748 0 0 0
1450064655308 cpu1 571632267 41217 67184980 2879590 1951 100663469 67110429 0 0 0
1450064655308 cpu2 537876041 33590070 134273196 2999060 1165 7490 33557717 0 0 0
1450064655308 cpu3 202121504 33954 33594972 3113433 848 5283 167774421 0 0 0
1450064655408 cpu  1983715502 33698752 302208526 16997337 23111 1040201328 3456121315 0 0 0
1450064655408 cpu0 672085678 33511 67155377 8005240 19147 939525086 3187678748 0 0 0
1450064655408 cpu1 571632271 41217 67184981 2879594 1951 100663469 67110429 0 0 0
1450064655408 cpu2 537876044 33590070 134273196 2999066 1165 7490 33557717 0 0 0
1450064655408 cpu3 202121509 33954 33594972 3113437 848 5283 167774421 0 0 0
1450064655510 cpu  1983715517 33698752 302208526 16997363 23111 1040201328 3456121315 0 0 0
1450064655510 cpu0 672085681 33511 67155377 8005247 19147 939525086 3187678748 0 0 0
1450064655510 cpu1 571632276 41217 67184981 2879599 1951 100663469 67110429 0 0 0
1450064655510 cpu2 537876047 33590070 134273196 2999074 1165 7490 33557717 0 0 0
1450064655510 cpu3 202121513 33954 33594972 3113443 848 5283 167774421 0 0 0
1450064655613 cpu  1983715529 33698752 302208528 16997385 23112 1040201328 3456121315 0 0 0
1450064655613 cpu0 672085684 33511 67155378 8005250 19148 939525086 3187678748 0 0 0
1450064655613 cpu1 571632279 41217 67184981 2879605 1951 100663469 67110429 0 0 0
1450064655613 cpu2 537876051 33590070 134273196 2999079 1165 7490 33557717 0 0 0
1450064655613 cpu3 202121515 33954 33594973 3113451 848 5283 167774421 0 0 0
1450064655709 cpu  1983715535 33698752 302208528 16997416 23113 1040201328 3456121315 0 0 0
1450064655709 cpu0 672085685 33511 67155378 8005258 19149 939525086 3187678748 0 0 0
1450064655709 cpu1 571632281 41217 67184981 2879613 1951 100663469 67110429 0 0 0
1450064655709 cpu2 537876054 33590070 134273196 2999085 1165 7490 33557717 0 0 0
1450064655709 cpu3 202121515 33954 33594973 3113460 848 5283 167774421 0 0 0
1450064655813 cpu  1983715543 33698752 302208528 16997449 23113 1040201328 3456121315 0 0 0
1450064655813 cpu0 672085687 33511 67155378 8005266 19149 939525086 3187678748 0 0 0
1450064655813 cpu1 571632284 41217 67184981 2879620 1951 100663469 67110429 0 0 0
1450064655813 cpu2 537876057 33590070 134273196 2999093 1165 7490 33557717 0 0 0
1450064655813 cpu3 202121515 33954 33594973 3113470 848 5283 167774421 0 0 0
1450064655916 cpu  1983715559 33698752 302208529 16997471 23113 1040201328 3456121315 0 0 0
1450064655916 cpu0 672085690 33511 67155378 8005272 19149 939525086 3187678748 0 0 0
1450064655916 cpu1 571632290 41217 67184982 2879623 1951 100663469 67110429 0 0 0
1450064655916 cpu2 537876061 33590070 134273196 2999099 1165 7490 33557717 0 0 0
1450064655916 cpu3 202121518 33954 33594973 3113477 848 5283 167774421 0 0 0
1450064655994 cpu  1983715565 33698753 302208530 16997493 23113 1040201328 3456121315 0 0 0
1450064655994 cpu0 672085691 33512 67155378 8005278 19149 939525086 3187678748 0 0 0
1450064655994 cpu1 571632292 41217 67184982 2879628 1951 100663469 67110429 0 0 0
1450064655994 cpu2 537876062 33590070 134273196 2999105 1165 7490 33557717 0 0 0
1450064655994 cpu3 202121520 33954 33594974 3113482 848 5283 167774421 0 0 0
1450064656098 cpu  1983715571 33698753 302208532 16997523 23115 1040201328 3456121315 0 0 0
1450064656098 cpu0 672085692 33512 67155378 8005283 19151 939525086 3187678748 0 0 0
1450064656098 cpu1 571632296 41217 67184983 2879634 1951 100663469 67110429 0 0 0
1450064656098 cpu2 537876063 33590070 134273197 2999115 1165 7490 33557717 0 0 0
1450064656098 cpu3 202121520 33954 33594974 3113491 848 5283 167774421 0 0 0
1450064656201 cpu  1983715572 33698753 302208532 16997561 23117 1040201328 3456121315 0 0 0
1450064656201 cpu0 672085692 33512 67155378 8005291 19153 939525086 3187678748 0 0 0
1450064656201 cpu1 571632296 41217 67184983 2879644 1951 100663469 67110429 0 0 0
1450064656201 cpu2 537876063 33590070 134273197 2999125 1165 7490 33557717 0 0 0
1450064656201 cpu3 202121521 33954 33594974 3113501 848 5283 167774421 0 0 0
1450064656304 cpu  1983715572 33698753 302208532 16997601 23117 1040201328 3456121315 0 0 0
1450064656304 cpu0 672085692 33512 67155378 8005301 19153 939525086 3187678748 0 0 0
1450064656304 cpu1 571632296 41217 67184983 2879654 1951 100663469 67110429 0 0 0
1450064656304 cpu2 537876063 33590070 134273197 2999135 1165 7490 33557717 0 0 0
1450064656304 cpu3 202121521 33954 33594974 3113511 848 5283 167774421 0 0 0
1450064656407 cpu  1983715572 33698753 302208532 16997641 23117 1040201328 3456121315 0 0 0
1450064656407 cpu0 672085692 33512 67155378 8005311 19153 939525086 3187678748 0 0 0
1450064656407 cpu1 571632296 41217 67184983 2879664 1951 100663469 67110429 0 0 0
1450064656407 cpu2 537876063 33590070 134273197 2999145 1165 7490 33557717 0 0 0
1450064656407 cpu3 202121521 33954 33594974 3113521 848 5283 167774421 0 0 0
1450064656508 cpu  1983715593 33698753 302208534 16997654 23117 1040201328 3456121316 0 0 0
1450064656508 cpu0 672085696 33512 67155379 8005314 19153 939525086 3187678749 0 0 0
1450064656508 cpu1 571632302 41217 67184983 2879667 1951 100663469 67110429 0 0 0
1450064656508 cpu2 537876069 33590070 134273197 2999148 1165 7490 33557717 0 0 0
1450064656508 cpu3 202121526 33954 33594975 3113525 848 5283 167774421 0 0 0
1450064656608 cpu  1983715618 33698753 302208534 16997660 23118 1040201328 3456121316 0 0 0
1450064656608 cpu0 672085700 33512 67155379 8005316 19153 939525086 3187678749 0 0 0
1450064656608 cpu1 571632309 41217 67184983 2879668 1951 100663469 67110429 0 0 0
1450064656608 cpu2 537876075 33590070 134273197 2999150 1166 7490 33557717 0 0 0
1450064656608 cpu3 202121534 33954 33594975 3113526 848 5283 167774421 0 0 0
1450064656708 cpu  1983715635 33698753 302208534 16997675 23118 1040201328 3456121316 0 0 0
1450064656708 cpu0 672085702 33512 67155379 8005320 19153 939525086 3187678749 0 0 0
1450064656708 cpu1 571632314 41217 67184983 2879672 1951 100663469 67110429 0 0 0
1450064656708 cpu2 537876079 33590070 134273197 2999154 1166 7490 33557717 0 0 0
1450064656708 cpu3 202121540 33954 33594975 3113529 848 5283 167774421 0 0 0
1450064656808 cpu  1983715648 33698753 302208535 16997698 23118 1040201328 3456121316 0 0 0
1450064656808 cpu0 672085705 33512 67155379 8005326 19153 939525086 3187678749 0 0 0
1450064656808 cpu1 571632321 41217 67184983 2879674 1951 100663469 67110429 0 0 0
1450064656808 cpu2 537876081 33590070 134273198 2999161 1166 7490 33557717 0 0 0
1450064656808 cpu3 202121541 33954 33594975 3113537 848 5283 167774421 0 0 0
1450064656899 cpu  1983715660 33698753 302208535 16997723 23118 1040201328 3456121316 0 0 0
1450064656899 cpu0 672085708 33512 67155379 8005332 19153 939525086 3187678749 0 0 0
1450064656899 cpu1 571632329 41217 67184983 2879676 1951 100663469 67110429 0 0 0
1450064656899 cpu2 537876082 33590070 134273198 2999169 1166 7490 33557717 0 0 0
1450064656899 cpu3 202121541 33954 33594975 3113546 848 5283 167774421 0 0 0
1450064657001 cpu  1983715674 33698753 302208535 16997748 23118 1040201328 3456121316 0 0 0
1450064657001 cpu0 672085711 33512 67155379 8005338 19153 939525086 3187678749 0 0 0
1450064657001 cpu1 571632336 41217 67184983 2879678 1951 100663469 67110429 0 0 0
1450064657001 cpu2 537876084 33590070 134273198 2999177 1166 7490 33557717 0 0 0
1450064657001 cpu3 202121543 33954 33594975 3113555 848 5283 167774421 0 0 0
1450064657068 cpu  1983715684 33698753 302208536 16997763 23118 1040201328 3456121316 0 0 0
1450064657068 cpu0 672085712 33512 67155379 8005344 19153 939525086 3187678749 0 0 0
1450064657068 cpu1 571632343 41217 67184983 2879678 1951 100663469 67110429 0 0 0
1450064657068 cpu2 537876086 33590070 134273199 2999181 1166 7490 33557717 0 0 0
1450064657068 cpu3 202121543 33954 33594975 3113560 848 5283 167774421 0 0 0
1450064657168 cpu  1983715708 33698755 302208536 16997768 23118 1040201328 3456121317 0 0 0
1450064657168 cpu0 672085715 33512 67155379 8005345 19153 939525086 3187678750 0 0 0
1450064657168 cpu1 571632350 41218 67184983 2879679 1951 100663469 67110429 0 0 0
1450064657168 cpu2 537876093 33590070 134273199 2999182 1166 7490 33557717 0 0 0
1450064657168 cpu3 202121550 33955 33594975 3113562 848 5283 167774421 0 0 0
1450064657268 cpu  1983715725 33698756 302208538 16997783 23118 1040201328 3456121317 0 0 0
1450064657268 cpu0 672085718 33512 67155380 8005350 19153 939525086 3187678750 0 0 0
1450064657268 cpu1 571632358 41218 67184983 2879679 1951 100663469 67110429 0 0 0
1450064657268 cpu2 537876096 33590071 134273199 2999186 1166 7490 33557717 0 0 0
1450064657268 cpu3 202121553 33955 33594976 3113568 848 5283 167774421 0 0 0
1450064657368 cpu  1983715727 33698756 302208539 16997818 23118 1040201328 3456121317 0 0 0
1450064657368 cpu0 672085718 33512 67155380 8005358 19153 939525086 3187678750 0 0 0
1450064657368 cpu1 571632359 41218 67184984 2879688 1951 100663469 67110429 0 0 0
1450064657368 cpu2 537876097 33590071 134273199 2999195 1166 7490 33557717 0 0 0
1450064657368 cpu3 202121553 33955 33594976 3113577 848 5283 167774421 0 0 0
1450064657467 cpu  1983715737 33698756 302208539 16997843 23118 1040201328 3456121317 0 0 0
1450064657467 cpu0 672085720 33512 67155380 8005364 19153 939525086 3187678750 0 0 0
1450064657467 cpu1 571632361 41218 67184984 2879694 1951 100663469 67110429 0 0 0
1450064657467 cpu2 537876100 33590071 134273199 2999201 1166 7490 33557717 0 0 0
1450064657467 cpu3 202121556 33955 33594976 3113584 848 5283 167774421 0 0 0
1450064657553 cpu  1983715741 33698756 302208539 16997874 23118 1040201328 3456121317 0 0 0
1450064657553 cpu0 672085721 33512 67155380 8005372 19153 939525086 3187678750 0 0 0
1450064657553 cpu1 571632362 41218 67184984 2879702 1951 100663469 67110429 0 0 0
1450064657553 cpu2 537876102 33590071 134273199 2999208 1166 7490 33557717 0 0 0
1450064657553 cpu3 202121556 33955 33594976 3113592 848 5283 167774421 0 0 0
1450064657657 cpu  1983715749 33698756 302208540 16997907 23118 1040201328 3456121317 0 0 0
1450064657657 cpu0 672085723 33512 67155380 8005380 19153 939525086 3187678750 0 0 0
1450064657657 cpu1 571632364 41218 67184985 2879710 1951 100663469 67110429 0 0 0
1450064657657 cpu2 537876105 33590071 134273199 2999215 1166 7490 33557717 0 0 0
1450064657657 cpu3 202121557 33955 33594976 3113602 848 5283 167774421 0 0 0
1450064657759 cpu  1983715752 33698756 302208541 16997942 23118 1040201328 3456121317 0 0 0
1450064657759 cpu0 672085723 33512 67155380 8005389 19153 939525086 3187678750 0 0 0
1450064657759 cpu1 571632366 41218 67184986 2879717 1951 100663469 67110429 0 0 0
1450064657759 cpu2 537876106 33590071 134273199 2999224 1166 7490 33557717 0 0 0
1450064657759 cpu3 202121557 33955 33594976 3113612 848 5283 167774421 0 0 0
1450064657851 cpu  1983715755 33698756 302208541 16997974 23118 1040201328 3456121317 0 0 0
1450064657851 cpu0 672085723 33512 67155380 8005397 19153 939525086 3187678750 0 0 0
1450064657851 cpu1 571632369 41218 67184986 2879723 1951 100663469 67110429 0 0 0
1450064657851 cpu2 537876106 33590071 134273199 2999233 1166 7490 33557717 0 0 0
1450064657851 cpu3 202121557 33955 33594976 3113621 848 5283 167774421 0 0 0
1450064657938 cpu  1983715757 33698756 302208542 16998006 23118 1040201328 3456121317 0 0 0
1450064657938 cpu0 672085724 33512 67155380 8005405 19153 939525086 3187678750 0 0 0
1450064657938 cpu1 571632369 41218 67184986 2879731 1951 100663469 67110429 0 0 0
1450064657938 cpu2 537876107 33590071 134273200 2999240 1166 7490 33557717 0 0 0
1450064657938 cpu3 202121557 33955 33594976 3113630 848 5283 167774421 0 0 0
1450064658038 cpu  1983715759 33698756 302208542 16998043 23118 1040201328 3456121317 0 0 0
1450064658038 cpu0 672085724 33512 67155380 8005414 19153 939525086 3187678750 0 0 0
1450064658038 cpu1 571632370 41218 67184986 2879741 1951 100663469 67110429 0 0 0
1450064658038 cpu2 537876108 33590071 134273200 2999249 1166 7490 33557717 0 0 0
1450064658038 cpu3 202121557 33955 33594976 3113639 848 5283 167774421 0 0 0
1450064658137 cpu  1983715774 33698756 302208543 16998066 23118 1040201328 3456121317 0 0 0
1450064658137 cpu0 672085726 33512 67155381 8005421 19153 939525086 3187678750 0 0 0
1450064658137 cpu1 571632378 41218 67184986 2879742 1951 100663469 67110429 0 0 0
1450064658137 cpu2 537876110 33590071 134273200 2999257 1166 7490 33557717 0 0 0
1450064658137 cpu3 202121560 33955 33594976 3113646 848 5283 167774421 0 0 0
1450064658240 cpu  1983715789 33698756 302208543 16998086 23118 1040201328 3456121317 0 0 0
1450064658240 cpu0 672085727 33512 67155381 8005428 19153 939525086 3187678750 0 0 0
1450064658240 cpu1 571632387 41218 67184986 2879742 1951 100663469 67110429 0 0 0
1450064658240 cpu2 537876113 33590071 134273200 2999262 1166 7490 33557717 0 0 0
1450064658240 cpu3 202121562 33955 33594976 3113654 848 5283 167774421 0 0 0
1450064658325 cpu  1983715804 33698756 302208545 16998103 23118 1040201328 3456121317 0 0 0
1450064658325 cpu0 672085730 33512 67155382 8005433 19153 939525086 3187678750 0 0 0
1450064658325 cpu1 571632392 41218 67184986 2879745 1951 100663469 67110429 0 0 0
1450064658325 cpu2 537876115 33590071 134273200 2999269 1166 7490 33557717 0 0 0
1450064658325 cpu3 202121567 33955 33594977 3113656 848 5283 167774421 0 0 0
1450064658418 cpu  1983715819 33698756 302208545 16998126 23118 1040201328 3456121317 0 0 0
1450064658418 cpu0 672085731 33512 67155382 8005441 19153 939525086 3187678750 0 0 0
1450064658418 cpu1 571632400 41218 67184986 2879747 1951 100663469 67110429 0 0 0
1450064658418 cpu2 537876119 33590071 134273200 2999274 1166 7490 33557717 0 0 0
1450064658418 cpu3 202121569 33955 33594977 3113664 848 5283 167774421 0 0 0
1450064658518 cpu  1983715829 33698756 302208547 16998152 23118 1040201328 3456121317 0 0 0
1450064658518 cpu0 672085731 33512 67155382 8005450 19153 939525086 3187678750 0 0 0
1450064658518 cpu1 571632409 41218 67184987 2879747 1951 100663469 67110429 0 0 0
1450064658518 cpu2 537876120 33590071 134273200 2999283 1166 7490 33557717 0 0 0
1450064658518 cpu3 202121569 33955 33594978 3113672 848 5283 167774421 0 0 0
1450064658618 cpu  1983715839 33698756 302208548 16998178 23118 1040201328 3456121317 0 0 0
1450064658618 cpu0 672085733 33512 67155383 8005456 19153 939525086 3187678750 0 0 0
1450064658618 cpu1 571632416 41218 67184987 2879749 1951 100663469 67110429 0 0 0
1450064658618 cpu2 537876120 33590071 134273200 2999292 1166 7490 33557717 0 0 0
1450064658618 cpu3 202121570 33955 33594978 3113681 848 5283 167774421 0 0 0
1450064658718 cpu  1983715855 33698759 302208551 16998197 23118 1040201328 3456121317 0 0 0
1450064658718 cpu0 672085734 33513 67155385 8005462 19153 939525086 3187678750 0 0 0
1450064658718 cpu1 571632425 41218 67184987 2879749 1951 100663469 67110429 0 0 0
1450064658718 cpu2 537876122 33590073 134273201 2999299 1166 7490 33557717 0 0 0
1450064658718 cpu3 202121574 33955 33594978 3113687 848 5283 167774421 0 0 0
1450064658818 cpu  1983715873 33698763 302208553 16998206 23118 1040201328 3456121318 0 0 0
1450064658818 cpu0 672085738 33515 67155386 8005463 19153 939525086 3187678751 0 0 0
1450064658818 cpu1 571632432 41220 67184987 2879749 1951 100663469 67110429 0 0 0
1450064658818 cpu2 537876126 33590073 134273202 2999302 1166 7490 33557717 0 0 0
1450064658818 cpu3 202121577 33955 33594978 3113692 848 5283 167774421 0 0 0
1450064658918 cpu  1983715892 33698769 302208556 16998214 23119 1040201328 3456121318 0 0 0
1450064658918 cpu0 672085740 33516 67155387 8005465 19154 939525086 3187678751 0 0 0
1450064658918 cpu1 571632441 41220 67184988 2879750 1951 100663469 67110429 0 0 0
1450064658918 cpu2 537876129 33590077 134273202 2999304 1166 7490 33557717 0 0 0
1450064658918 cpu3 202121582 33956 33594979 3113695 848 5283 167774421 0 0 0
1450064659018 cpu  1983715906 33698770 302208557 16998234 23119 1040201328 3456121318 0 0 0
1450064659018 cpu0 672085743 33517 67155387 8005470 19154 939525086 3187678751 0 0 0
1450064659018 cpu1 571632449 41220 67184988 2879751 1951 100663469 67110429 0 0 0
1450064659018 cpu2 537876130 33590077 134273202 2999312 1166 7490 33557717 0 0 0
1450064659018 cpu3 202121584 33956 33594980 3113701 848 5283 167774421 0 0 0
1450064659118 cpu  1983715921 33698770 302208557 16998260 23119 1040201328 3456121318 0 0 0
1450064659118 cpu0 672085746 33517 67155387 8005477 19154 939525086 3187678751 0 0 0
1450064659118 cpu1 571632456 41220 67184988 2879754 1951 100663469 67110429 0 0 0
1450064659118 cpu2 537876134 33590077 134273202 2999318 1166 7490 33557717 0 0 0
1450064659118 cpu3 202121585 33956 33594980 3113711 848 5283 167774421 0 0 0
1450064659215 cpu  1983715932 33698770 302208557 16998284 23119 1040201328 3456121318 0 0 0
1450064659215 cpu0 672085748 33517 67155387 8005483 19154 939525086 3187678751 0 0 0
1450064659215 cpu1 571632462 41220 67184988 2879757 1951 100663469 67110429 0 0 0
1450064659215 cpu2 537876135 33590077 134273202 2999326 1166 7490 33557717 0 0 0
1450064659215 cpu3 202121587 33956 33594980 3113718 848 5283 167774421 0 0 0
1450064659318 cpu  1983715946 33698770 302208557 16998305 23119 1040201329 3456121319 0 0 0
1450064659318 cpu0 672085750 33517 67155387 8005489 19154 939525086 3187678752 0 0 0
1450064659318 cpu1 571632467 41220 67184988 2879761 1951 100663469 67110429 0 0 0
1450064659318 cpu2 537876139 33590077 134273202 2999331 1166 7490 33557717 0 0 0
1450064659318 cpu3 202121590 33956 33594980 3113724 848 5284 167774421 0 0 0
1450064659418 cpu  1983715963 33698770 302208557 16998323 23119 1040201330 3456121319 0 0 0
1450064659418 cpu0 672085752 33517 67155387 8005495 19154 939525086 3187678752 0 0 0
1450064659418 cpu1 571632475 41220 67184988 2879762 1951 100663469 67110429 0 0 0
1450064659418 cpu2 537876143 33590077 134273202 2999336 1166 7491 33557717 0 0 0
1450064659418 cpu3 202121593 33956 33594980 3113730 848 5284 167774421 0 0 0
1450064659518 cpu  1983715978 33698777 302208558 16998336 23119 1040201330 3456121319 0 0 0
1450064659518 cpu0 672085756 33517 67155388 8005499 19154 939525086 3187678752 0 0 0
1450064659518 cpu1 571632478 41225 67184988 2879762 1951 100663469 67110429 0 0 0
1450064659518 cpu2 537876147 33590078 134273202 2999340 1166 7491 33557717 0 0 0
1450064659518 cpu3 202121597 33957 33594980 3113735 848 5284 167774421 0 0 0
1450064659618 cpu  1983715987 33698787 302208559 16998355 23119 1040201330 3456121319 0 0 0
1450064659618 cpu0 672085758 33518 67155388 8005505 19154 939525086 3187678752 0 0 0
1450064659618 cpu1 571632481 41232 67184988 2879763 1951 100663469 67110429 0 0 0
1450064659618 cpu2 537876149 33590079 134273203 2999346 1166 7491 33557717 0 0 0
1450064659618 cpu3 202121599 33958 33594980 3113741 848 5284 167774421 0 0 0
1450064659713 cpu  1983715999 33698795 302208560 16998370 23119 1040201330 3456121319 0 0 0
1450064659713 cpu0 672085762 33518 67155388 8005510 19154 939525086 3187678752 0 0 0
1450064659713 cpu1 571632484 41237 67184988 2879764 1951 100663469 67110429 0 0 0
1450064659713 cpu2 537876152 33590081 134273203 2999350 1166 7491 33557717 0 0 0
1450064659713 cpu3 202121601 33959 33594981 3113746 848 5284 167774421 0 0 0
1450064659808 cpu  1983716008 33698803 302208561 16998385 23119 1040201330 3456121319 0 0 0
1450064659808 cpu0 672085766 33519 67155388 8005513 19154 939525086 3187678752 0 0 0
1450064659808 cpu1 571632484 41243 67184989 2879765 1951 100663469 67110429 0 0 0
1450064659808 cpu2 537876155 33590081 134273203 2999355 1166 7491 33557717 0 0 0
1450064659808 cpu3 202121603 33960 33594981 3113752 848 5284 167774421 0 0 0
1450064659905 cpu  1983716023 33698808 302208564 16998401 23119 1040201330 3456121319 0 0 0
1450064659905 cpu0 672085769 33519 67155388 8005518 19154 939525086 3187678752 0 0 0
1450064659905 cpu1 571632488 41248 67184989 2879766 1951 100663469 67110429 0 0 0
1450064659905 cpu2 537876159 33590081 134273204 2999360 1166 7491 33557717 0 0 0
1450064659905 cpu3 202121607 33960 33594983 3113757 848 5284 167774421 0 0 0
1450064660004 cpu  1983716029 33698808 302208567 16998430 23119 1040201330 3456121319 0 0 0
1450064660004 cpu0 672085772 33519 67155388 8005525 19154 939525086 3187678752 0 0 0
1450064660004 cpu1 571632489 41248 67184990 2879773 1951 100663469 67110429 0 0 0
1450064660004 cpu2 537876160 33590081 134273205 2999368 1166 7491 33557717 0 0 0
1450064660004 cpu3 202121608 33960 33594984 3113764 848 5284 167774421 0 0 0
1450064660104 cpu  1983716036 33698812 302208568 16998457 23119 1040201330 3456121319 0 0 0
1450064660104 cpu0 672085774 33519 67155388 8005533 19154 939525086 3187678752 0 0 0
1450064660104 cpu1 571632491 41248 67184991 2879780 1951 100663469 67110429 0 0 0
1450064660104 cpu2 537876161 33590085 134273205 2999373 1166 7491 33557717 0 0 0
1450064660104 cpu3 202121610 33960 33594984 3113771 848 5284 167774421 0 0 0
1450064660208 cpu  1983716044 33698812 302208569 16998489 23119 1040201330 3456121319 0 0 0
1450064660208 cpu0 672085775 33519 67155389 8005541 19154 939525086 3187678752 0 0 0
1450064660208 cpu1 571632494 41248 67184991 2879787 1951 100663469 67110429 0 0 0
1450064660208 cpu2 537876162 33590085 134273205 2999382 1166 7491 33557717 0 0 0
1450064660208 cpu3 202121613 33960 33594984 3113779 848 5284 167774421 0 0 0
1450064660311 cpu  1983716045 33698812 302208569 16998527 23119 1040201330 3456121319 0 0 0
1450064660311 cpu0 672085775 33519 67155389 8005550 19154 939525086 3187678752 0 0 0
1450064660311 cpu1 571632494 41248 67184991 2879797 1951 100663469 67110429 0 0 0
1450064660311 cpu2 537876163 33590085 134273205 2999391 1166 7491 33557717 0 0 0
1450064660311 cpu3 202121613 33960 33594984 3113789 848 5284 167774421 0 0 0
1450064660414 cpu  1983716045 33698812 302208569 16998567 23119 1040201330 3456121319 0 0 0
1450064660414 cpu0 672085775 33519 67155389 8005560 19154 939525086 3187678752 0 0 0
1450064660414 cpu1 571632494 41248 67184991 2879807 1951 100663469 67110429 0 0 0
1450064660414 cpu2 537876163 33590085 134273205 2999401 1166 7491 33557717 0 0 0
1450064660414 cpu3 202121613 33960 33594984 3113799 848 5284 167774421 0 0 0
1450064660518 cpu  1983716057 33698812 302208571 16998593 23119 1040201330 3456121319 0 0 0
1450064660518 cpu0 672085778 33519 67155389 8005567 19154 939525086 3187678752 0 0 0
1450064660518 cpu1 571632496 41248 67184992 2879814 1951 100663469 67110429 0 0 0
1450064660518 cpu2 537876167 33590085 134273205 2999408 1166 7491 33557717 0 0 0
1450064660518 cpu3 202121616 33960 33594985 3113804 848 5284 167774421 0 0 0
1450064660618 cpu  1983716061 33698812 302208571 16998627 23119 1040201330 3456121319 0 0 0
1450064660618 cpu0 672085779 33519 67155389 8005575 19154 939525086 3187678752 0 0 0
1450064660618 cpu1 571632497 41248 67184992 2879823 1951 100663469 67110429 0 0 0
1450064660618 cpu2 537876168 33590085 134273205 2999416 1166 7491 33557717 0 0 0
1450064660618 cpu3 202121617 33960 33594985 3113813 848 5284 167774421 0 0 0
1450064660716 cpu  1983716072 33698814 302208580 16998639 23122 1040201330 3456121319 0 0 0
1450064660716 cpu0 672085782 33520 67155389 8005576 19157 939525086 3187678752 0 0 0
1450064660716 cpu1 571632500 41248 67184995 2879827 1951 100663469 67110429 0 0 0
1450064660716 cpu2 537876172 33590086 134273208 2999417 1166 7491 33557717 0 0 0
1450064660716 cpu3 202121618 33960 33594988 3113819 848 5284 167774421 0 0 0
1450064660812 cpu  1983716086 33698814 302208580 16998663 23122 1040201330 3456121319 0 0 0
1450064660812 cpu0 672085783 33520 67155389 8005584 19157 939525086 3187678752 0 0 0
1450064660812 cpu1 571632502 41248 67184995 2879834 1951 100663469 67110429 0 0 0
1450064660812 cpu2 537876182 33590086 134273208 2999417 1166 7491 33557717 0 0 0
1450064660812 cpu3 202121619 33960 33594988 3113828 848 5284 167774421 0 0 0
1450064660908 cpu  1983716098 33698819 302208587 16998673 23122 1040201330 3456121319 0 0 0
1450064660908 cpu0 672085786 33520 67155391 8005588 19157 939525086 3187678752 0 0 0
1450064660908 cpu1 571632506 41249 67184997 2879836 1951 100663469 67110429 0 0 0
1450064660908 cpu2 537876185 33590089 134273209 2999418 1166 7491 33557717 0 0 0
1450064660908 cpu3 202121621 33961 33594990 3113831 848 5284 167774421 0 0 0
